('Training size:', 1000, 'Testing size:', 5000)
(1, 2441227.375, 2422315.3500000001, 0.70099998, 0.66339999)
(2, 587333.90000000002, 588093.27500000002, 0.87300003, 0.83660001)
(3, 298645.21562500001, 299688.03125, 0.90600002, 0.85979998)
(4, 189305.28750000001, 190888.16562499999, 0.93300003, 0.86979997)
(5, 126395.07656250001, 132231.91875000001, 0.94300002, 0.8836)
(6, 101264.60781250001, 94824.962499999994, 0.96499997, 0.88160002)
(7, 47205.087500000001, 49479.066601562503, 0.977, 0.88679999)
(8, 32496.561718749999, 23140.792187499999, 0.97299999, 0.88480002)
(9, 14903.618945312501, 17532.415771484375, 0.99199998, 0.89660001)
(10, 9443.6258300781246, 9984.1333984374996, 0.97600001, 0.9016)
(11, 18149.299414062501, 16684.170703125001, 0.94499999, 0.87279999)
(12, 4087.1929931640625, 6459.9725585937504, 0.98299998, 0.90259999)
(13, 108.98162384033203, 96.229998779296878, 1.0, 0.90100002)
(14, 43.688375854492186, 278.510009765625, 1.0, 0.90039998)
(15, 0.0, 0.0, 1.0, 0.89999998)