('Training size:', 5000, 'Testing size:', 1000)
(1, 8688538.5, 8984178.4000000004, 0.861, 0.85500002)
(2, 3091063.1000000001, 3348489.25, 0.91360003, 0.90200001)
(3, 2132207.7250000001, 2253483.4249999998, 0.93760002, 0.93000001)
(4, 1189617.1625000001, 1265657.1125, 0.95340002, 0.94700003)
(5, 1549018.3875, 1559433.2, 0.96780002, 0.94999999)
(6, 1075940.9125000001, 1247574.2, 0.9228, 0.91900003)
(7, 331263.29062500002, 407703.78125, 0.98439997, 0.96200001)
(8, 684375.82499999995, 761464.39375000005, 0.9738, 0.96600002)
(9, 148685.51718749999, 221229.70390625001, 0.99220002, 0.96200001)
(10, 256653.39374999999, 262165.97499999998, 0.99400002, 0.972)
(11, 196801.84843750001, 195387.51953125, 0.98559999, 0.95700002)
(12, 61569.543749999997, 98995.646093749994, 0.99699998, 0.97299999)
(13, 200020.66289062501, 193987.01054687501, 0.99800003, 0.97000003)
(14, 10549.08935546875, 10812.798486328125, 0.99959999, 0.972)
(15, 8586.7721313476559, 9082.2300781249996, 0.99900001, 0.97000003)
(16, 309533.10983886721, 332853.08510742185, 0.98299998, 0.96100003)
(17, 17400.118066406249, 22868.239965820314, 0.99620003, 0.97000003)
(18, 4473.3343994140623, 13486.406762695313, 0.99559999, 0.97299999)
(19, 15398.113552856445, 16046.909374999999, 0.99980003, 0.972)
(20, 172663.35581054687, 197925.484375, 0.99980003, 0.977)
(21, 14668.10556640625, 22696.313574218751, 0.99879998, 0.97500002)
(22, 2501.7472167968749, 3012.8607910156252, 1.0, 0.97500002)
(23, 1709.9007812499999, 4524.5199218750004, 1.0, 0.977)
(24, 6143.2707763671879, 9350.5856323242188, 0.99879998, 0.97500002)
(25, 372322.06469726562, 559049.77421874995, 0.99860001, 0.97600001)
(26, 4254.2963500976566, 3704.4640625000002, 0.99980003, 0.97799999)
(27, 525817.21821289067, 524550.59687500005, 0.99919999, 0.97600001)
(28, 0.0, 1166.3103515625, 1.0, 0.98100001)
(29, 0.0, 0.0, 1.0, 0.98100001)