('Training size:', 5000, 'Testing size:', 1000)
(1, 815922.41249999998, 857184.92500000005, 0.81639999, 0.81699997)
(2, 367855.86249999999, 376050.74687500001, 0.889, 0.89300001)
(3, 239267.80624999999, 248199.53125, 0.91600001, 0.91600001)
(4, 190671.0703125, 197506.05156250001, 0.93120003, 0.91299999)
(5, 81051.046875, 94507.639062500006, 0.94919997, 0.94199997)
(6, 56092.482812499999, 60699.271874999999, 0.9752, 0.95300001)
(7, 69863.137499999997, 69707.7421875, 0.97060001, 0.94999999)
(8, 38385.787109375, 42249.215624999997, 0.98079997, 0.958)
(9, 28263.553124999999, 29047.289843750001, 0.97180003, 0.95599997)
(10, 9867.7984374999996, 13723.058398437501, 0.98140001, 0.949)
(11, 26476.421972656251, 35802.201220703122, 0.99379998, 0.95700002)
(12, 23553.511767578126, 30080.568066406249, 0.98000002, 0.954)
(13, 13013.789135742187, 13570.186465454102, 0.99779999, 0.95899999)
(14, 28891.778576660156, 35269.182360839841, 0.97359997, 0.95099998)
(15, 40812.136108398438, 36811.414257812503, 0.97979999, 0.95700002)
(16, 4420.3313476562498, 3098.3031982421876, 0.995, 0.95700002)
(17, 2447.3165480375292, 2166.7303558349608, 0.99940002, 0.96700001)
(18, 304.23700561523435, 187.72719726562499, 1.0, 0.96799999)
(19, 5786.2140625000002, 5529.4928466796873, 0.99699998, 0.96600002)
(20, 8579.5129760742184, 10604.087841796874, 0.96880001, 0.95499998)
(21, 287.16579589843752, 525.38481445312505, 1.0, 0.96700001)
(22, 0.0, 0.0, 1.0, 0.96700001)