WEIGHT: 1010947.76272, 962128.873604 
THETA: 2

Ground Function:
TF
+1
+10 +10

Arguments: relu winnow ground_file.txt sphere 5000 2500 0.2

Training Updates: 278
([1.5751000174424046, 1.6879173484510221, 2], [0.6554434413660597, 0.755244261924721, 1])
([1.1120520866897914, 3.073717730898826, 2], [-0.5022190782604021, 0.8647404219945266, 1])
([2.2213966128394076, 2.9500217083240745, 2], [0.9982426345939132, -0.05925911304603797, 1])
([4.224608472893832, 2.27604970058367, 2], [0.9273506441950534, -0.3741935097125809, 1])
([2.900237122611203, 4.074132932682769, 2], [-0.5426467824716346, 0.8399609928283471, 1])
([5.665634759970446, 3.40628814909888, 2], [0.966066740711041, -0.25829257149973633, 1])
([3.7536487954992084, 5.949246360446271, 2], [-0.593943927241299, 0.8045064395597978, 1])
([6.971982556567573, 4.356582604670781, 2], [0.893275287049217, -0.4495100238561303, 1])
([4.2290124676720815, 7.041455498799654, 2], [0.7212481463186319, -0.6926767726955606, 0])
([8.072203619625368, 5.4833968918243805, 2], [0.9326417529565689, -0.36080377027145705, 1])
([5.619343342090789, 9.90166947803355, 2], [-0.5225610148631387, 0.8526018917086723, 1])
([9.510840751825238, 6.306243799016722, 2], [0.7591713282624044, -0.6508908467203212, 1])
([6.665818296443594, 11.434286897204471, 2], [-0.5127908884224665, 0.8585135437201311, 1])
([12.010283711248192, 7.931376013933608, 2], [0.8494163346387005, -0.5277233086087398, 1])
([7.248530070023295, 12.751601023592631, 2], [0.728509865646818, -0.6850353097872074, 0])
([13.415379348111207, 9.272827437009994, 2], [0.888127484755413, -0.4595971832181128, 1])
([9.131190027817453, 16.505225516673402, 2], [-0.55501305274494, 0.8318416383439474, 1])
([16.850925085234607, 11.936228697458663, 2], [0.8839529972515212, -0.4675757678174226, 1])
([11.78070034849851, 21.609910287384608, 2], [-0.5164024867164653, 0.8563459999982781, 1])
([21.308552290063467, 15.084606602618432, 2], [0.8550072710755583, -0.5186160105588014, 1])
([13.211506809879738, 24.91875132378772, 2], [0.6896375598460386, -0.7241547045000823, 0])
([22.34989063646403, 15.861475964020341, 2], [0.7584727525263876, -0.6517047519199513, 1])
([14.78916707770333, 27.677507713422163, 2], [-0.595726969471882, 0.8031870129950106, 1])
([26.53106278949858, 19.066268984665403, 2], [0.8431416661564517, -0.5376914829071802, 1])
([16.980609200730154, 32.40510700586345, 2], [0.6437942503271397, -0.7651986429978272, 0])
([30.153046256358905, 21.978717432149626, 2], [0.8284155415810182, -0.5601139977424491, 1])
([19.36836486721864, 37.46763000698777, 2], [0.6386015972623872, -0.7695375234346457, 0])
([33.25435451246131, 24.278296662969346, 2], [0.7798411049585823, -0.6259775163829586, 1])
([21.044668838654804, 40.86469829642165, 2], [0.660088460155879, -0.751187875813395, 0])
([37.90895273908526, 28.33522969999839, 2], [0.8490837941740482, -0.5282581854273557, 1])
([22.84126409950461, 45.47537829619114, 2], [0.7308961059225374, -0.6824887415534934, 0])
([40.059513197356125, 30.30068304457104, 2], [-0.8105023939542743, 0.5857353236696508, 0])
([24.534440093210186, 49.45880084771777, 2], [0.7073365419812652, -0.7068769457111937, 0])
([39.73538769364237, 30.05934425644988, 2], [-0.6956160730422827, 0.7184137240652031, 0])
([26.56325960298339, 52.84337610242415, 2], [-0.5809922286725974, 0.8139091043980576, 1])
([43.7496850232822, 32.661319383530255, 2], [-0.7198404382354233, 0.6941395706059652, 0])
([28.02987325236385, 55.55936819709863, 2], [-0.6423074095752453, 0.7664471225105736, 1])
([50.772613188146316, 38.87534994761443, 2], [0.8570852945728307, -0.5151745314230936, 1])
([30.853415298052678, 62.95226585501034, 2], [0.7186203188973201, -0.6954026439897348, 0])
([55.462496299477046, 43.50575050553174, 2], [0.8460823554158942, -0.5330521999334517, 1])
([36.31271903300852, 75.3082377982364, 2], [-0.6110375911183669, 0.7916015804937884, 1])
([65.84208141695625, 52.78224421471579, 2], [-0.8585349826614421, 0.5127549936826722, 0])
([42.14329953431237, 89.71349467703172, 2], [-0.6437066715234524, 0.7652723182215584, 1])
([74.17988369120087, 60.0799965708917, 2], [-0.8157247339923259, 0.5784402807145688, 0])
([46.69204251407954, 100.6433156796357, 2], [0.6678513060500268, -0.7442947218725076, 0])
([85.63796727683372, 71.95974319910421, 2], [0.8750738522279774, -0.48398941429218073, 1])
([54.796230710646114, 122.27597889391814, 2], [-0.64417389459576, 0.7648790711748693, 1])
([90.59825965396149, 75.8815201819534, 2], [-0.725406679725558, 0.6883205278135627, 0])
([57.73046670736839, 128.48731934463663, 2], [-0.6501504486105906, 0.7598054975922772, 1])
([99.46242861110022, 83.61888104474271, 2], [-0.784818769895672, 0.6197253411144684, 0])
([60.68059642063017, 135.95692937535335, 2], [0.7129163927006189, -0.7012490406544147, 0])
([98.72972500139397, 83.00202887689481, 2], [-0.7022492430612159, 0.7119311768843595, 0])
([59.06432554195036, 132.18014981884525, 2], [0.74119749346919, -0.6712870292765906, 0])
([97.25210385504279, 81.67426506774576, 2], [-0.7194424449790107, 0.6945520631044322, 0])
([60.77881458093178, 135.93028406379923, 2], [0.6781609231923883, -0.7349134386135877, 0])
([108.40664334623054, 92.8087600260524, 2], [0.8348127280606561, -0.550534021717028, 1])
([65.44980910833816, 149.2693762402315, 2], [0.727992280734863, -0.6855853259736913, 0])
([111.11981368657595, 95.41539150954442, 2], [-0.7636551959739222, 0.6456243038037143, 0])
([67.91747378072773, 155.4264411049523, 2], [0.7102613821353618, -0.7039380434719844, 0])
([116.06041419363511, 100.12844378415181, 2], [0.7730212793217155, -0.6343800924649341, 1])
([71.72958513055082, 164.9009264157582, 2], [0.6942357910183006, -0.7197476408222498, 0])
([125.71576549026848, 109.77234473626216, 2], [-0.8095253918264133, 0.587084866086916, 0])
([76.19328731204538, 177.27129392711163, 2], [0.7224297776037296, -0.6914442974176774, 0])
([131.00663516523306, 115.07386193124475, 2], [0.7819040767107086, -0.6233987606846636, 1])
([81.59866895027126, 190.91859706301213, 2], [0.6830223585403824, -0.730397465585645, 0])
([139.77862923308376, 123.35983796074258, 2], [-0.7765262797583059, 0.630084864795787, 0])
([86.03272378025906, 202.3471987623467, 2], [0.7001863847374062, -0.7139601015661596, 0])
([152.38529606011042, 136.73277604821047, 2], [-0.8247662821620442, 0.5654737658005003, 0])
([94.75150132164961, 226.48710602708022, 2], [0.6855029933878941, -0.7280698085048141, 0])
([176.58605467623818, 166.987623758301, 2], [-0.8981507073799326, 0.43968773786964604, 0])
([283.02339988893476, 100.48913100670711, 2], [-0.6805499223197501, 0.7327017150454762, 0])
([200.075844128049, 183.1275230369486, 2], [0.5003743415106042, -0.8658091697122577, 0])
([121.25792217650358, 295.7243432374293, 2], [0.7224679896647676, -0.6914043707626886, 0])
([204.5857639839862, 187.65707824642277, 2], [-0.7546267528736367, 0.6561542988104179, 0])
([126.77727288402379, 309.8387031270502, 2], [0.6904096197234818, -0.7234186595556389, 0])
([228.2269541241727, 214.62202264293123, 2], [-0.8481730477529602, 0.5297192473994643, 0])
([138.92950821346483, 348.16695251705215, 2], [0.7161161312734651, -0.6979811505548882, 0])
([259.2177057411624, 257.3086193412132, 2], [-0.899811208189081, 0.43627948567094726, 0])
([420.0864057269908, 156.47847213406428, 2], [-0.6965218358357645, 0.7175355964716844, 0])
([325.9348949325688, 298.2534458571195, 2], [-0.3661022832240147, 0.9305746172221566, 1])
([514.2183181825587, 176.95023840905804, 2], [-0.657797187933757, 0.7531951005857923, 0])
([311.7409123488845, 285.8388076426341, 2], [0.7220335004869639, -0.6918580954029095, 0])
([189.91589647588353, 464.0691247224231, 2], [0.7149868362087305, -0.6991379148982195, 0])
([317.78101608681504, 291.7402942313666, 2], [-0.7426722741017502, 0.6696550554431251, 0])
([193.29838255695262, 472.9044036035307, 2], [0.7172033764247208, -0.6968639155853747, 0])
([350.3561221788197, 331.2421878794395, 2], [0.8579925406269198, -0.5136621459953646, 1])
([216.01061319964043, 544.2453192363125, 2], [0.697719908602397, -0.7163706646282096, 0])
([363.2132260133805, 344.02078363475846, 2], [-0.7497145400184806, 0.6617613682324454, 0])
([220.985609355078, 557.7847267674605, 2], [0.7168643137818912, -0.6972127047221804, 0])
([395.79603600667, 383.27234761497573, 2], [-0.8408047395474495, 0.5413385169693224, 0])
([237.3155051937321, 611.8696876567872, 2], [0.7379508002992846, -0.6748545149420322, 0])
([429.6247403132903, 427.72902585722136, 2], [0.8562707113430711, -0.5165273166987696, 1])
([256.49309926955283, 679.6075134875887, 2], [0.7441570626991995, -0.668004690129418, 0])
([468.4350149296445, 482.2445332359336, 2], [0.8689289076524982, -0.494936918653111, 1])
([284.09750435630343, 779.3212308962826, 2], [0.7214627612304686, -0.6924532360800314, 0])
([472.28739527602664, 486.44952451513376, 2], [-0.7332788741021964, 0.6799280055972214, 0])
([283.1433792064979, 776.4786061331178, 2], [0.7381322369682377, -0.6746560610772466, 0])
([460.1535556931492, 473.5034188919708, 2], [-0.7005825811203142, 0.7135713328258066, 0])
([724.8190103224962, 280.5356994076148, 2], [-0.6555054178892898, 0.7551904707540924, 0])
([490.3365776635894, 497.28147073511974, 2], [0.563848407991012, -0.8258783038717031, 0])
([785.0610054614057, 298.96039095089714, 2], [-0.6790323807617163, 0.7341083202614418, 0])
([595.8295522750284, 564.6594154922473, 2], [0.39790508627014226, -0.9174265868833051, 0])
([946.2733791960706, 336.97540583195996, 2], [-0.6673573586975973, 0.7447376422554229, 0])
([710.1812386767314, 633.2997176574805, 2], [0.41406979138345884, -0.9102451361384245, 0])
([444.61500933762784, 1055.7005463332928, 2], [0.6756305964772904, -0.7372403252018576, 0])
([745.2179487034253, 664.9207700405111, 2], [-0.7451057704935543, 0.6669463177626869, 0])
([452.8052679995654, 1076.613592218136, 2], [0.7187716794755455, -0.6952461958068549, 0])
([768.2019436385885, 687.5917575455439, 2], [0.7625948712741857, -0.6468763887376847, 1])
([473.2328681800142, 1128.8149695133366, 2], [0.6989353351517199, -0.7151848693004859, 0])
([845.0089198465911, 772.0222524915565, 2], [-0.8364162915437173, 0.5480946882065681, 0])
([520.6883498118976, 1267.7577165521927, 2], [0.6985464430687778, -0.7155647188591391, 0])
([950.2863229337753, 898.5145249503358, 2], [-0.8679421381058124, 0.4966653248419006, 0])
([1514.1181849584668, 537.7852888336961, 2], [-0.6720436491235015, 0.7405115351382234, 0])
([1058.6696306465196, 973.7038681098014, 2], [-0.5162253688125478, 0.8564527824663476, 1])
([637.8501062838443, 1562.6253816466788, 2], [0.7309631129166819, -0.6824169748439397, 0])
([1114.7509761805318, 1036.1866709610267, 2], [0.805432125018852, -0.5926880224769322, 1])
([676.2868304334482, 1675.0499474303458, 2], [0.7210142979622823, -0.6929201845335125, 0])
([1183.8042159583183, 1113.1456702984055, 2], [0.8077233348181199, -0.5895617138097551, 1])
([732.9786152485489, 1836.469713859875, 2], [0.6915874866069481, -0.7222927026965482, 0])
([1200.022455411698, 1128.153969449243, 2], [-0.7112183892467371, 0.7029711251518637, 0])
([736.0671407774141, 1844.231832869497, 2], [0.705152128872048, -0.7090560451383363, 0])
([1291.6261928743108, 1229.7467798576727, 2], [-0.8112793291240405, 0.5846587467369718, 0])
([792.9532785034244, 2012.0684066397005, 2], [0.7038808340591485, -0.7103180776554947, 0])
([1472.0874314873017, 1471.9635831834419, 2], [0.8925555910286977, -0.4509373758332881, 1])
([2384.3929943224, 894.6940728106786, 2], [-0.6957586798606513, 0.7182756152053081, 0])
([1663.203847646046, 1617.5847687720736, 2], [0.5196570387542665, -0.8543749540296384, 0])
([1009.1857518765592, 2615.3648645900917, 2], [0.7207732578605678, -0.6931709102040156, 0])
([1696.236346509989, 1652.4500960763044, 2], [-0.7491454600526414, 0.6624055250996298, 0])
([1034.7466512128826, 2686.466969667605, 2], [0.7130596234962516, -0.7011033970388275, 0])
([1799.4567370432023, 1769.606604678974, 2], [0.798283837539487, -0.6022814248532243, 1])
([2888.3245666319845, 1066.3663953284317, 2], [-0.6826714527033108, 0.7307254530012975, 0])
([2242.5148253282814, 2033.0779228852048, 2], [0.36511534690030173, -0.9309622889558269, 0])
([1356.1408051628425, 3275.6270941530383, 2], [0.7256105447205926, -0.6881056149969165, 0])
([2387.003128558939, 2193.5791629742375, 2], [0.8156934791565342, -0.5784843542063249, 1])
([1429.307655757402, 3496.7660457400216, 2], [0.739883970082871, -0.6727345024706325, 0])
([2543.5152806129518, 2379.250889828347, 2], [0.831507274242954, -0.5555138638063435, 1])
([4027.7091725227992, 1416.1835503414954, 2], [-0.6631357534277396, 0.7484991466433507, 0])
([3135.7738143143447, 2702.923427726315, 2], [-0.36113801435200077, 0.9325123777140408, 1])
([1889.1203354861884, 4337.258923316463, 2], [0.7311068973473123, -0.6822629292664132, 0])
([3563.179634346906, 3281.4950070731297, 2], [0.9154506142191615, -0.4024303330090314, 1])
([2226.560592209411, 5460.729463575719, 2], [0.6783483445130593, -0.7347404463457773, 0])
([4153.6093642564765, 4034.173503557667, 2], [0.8995486680860161, -0.4368205509642083, 1])
([6567.830587621277, 2398.1676034331254, 2], [-0.6610513733439932, 0.7503406438411959, 0])
([5083.863867926784, 4566.74613834585, 2], [-0.36949151493054955, 0.9292341041924406, 1])
([3017.9264856085665, 7209.5536068301135, 2], [0.7523677360635309, -0.6587433413178739, 0])
([5637.115946703199, 5340.303418711456, 2], [-0.9013995784364951, 0.4329882215424676, 0])
([3347.6082403364585, 8434.383727072693, 2], [0.7518265379005308, -0.6593609458471904, 0])
([5914.67795838942, 5678.844649582701, 2], [0.8211689151570881, -0.5706852133880208, 1])
([9324.053020309328, 3366.8713666629455, 2], [-0.65665758920049, 0.7541888427611487, 0])
([5616.187888568664, 5401.626052650473, 2], [0.7313660066771009, -0.68198516426473, 0])
([3387.291543375726, 8678.334922697622, 2], [0.729459036961883, -0.6840244976568036, 0])
([6225.9837726815595, 6229.295257330675, 2], [0.8781696519970855, -0.47834930993084734, 1])
([10115.442950813445, 3797.653436843851, 2], [-0.7001857745588522, 0.7139606999726387, 0])
([6850.533303368458, 6736.7889123827845, 2], [0.5622712871390568, -0.8269528400453006, 0])
([11043.881316965795, 4076.3017641376287, 2], [-0.6889590800804981, 0.7248002386689962, 0])
([7094.538870541188, 6949.506326828528, 2], [0.638466468770506, -0.7696496399373682, 0])
([11401.909956597385, 4192.737921871114, 2], [-0.684494692913129, 0.7290178429735182, 0])
([7355.233213892561, 7172.659324967332, 2], [0.632432522200641, -0.7746154561218977, 0])
([4402.551060459392, 11429.101640733546, 2], [0.7404313496105867, -0.6721319933717226, 0])
([7617.458845349744, 7478.688286084574, 2], [0.7909700640980061, -0.611854850189811, 1])
([12182.37468360676, 4491.45529753096, 2], [-0.6774136764064462, 0.7356022777408336, 0])
([7879.287846990305, 7700.033231431115, 2], [0.6286582363379367, -0.7776816970229369, 0])
([12602.083890444319, 4624.717003841739, 2], [-0.6775251729295452, 0.7354995853478029, 0])
([8820.42823169551, 8378.606905814204, 2], [-0.5147417132074243, 0.8573453030630575, 1])
([5233.228217556472, 13219.191604692764, 2], [0.7531475250286466, -0.6578516592235852, 0])
([9046.980721731989, 8640.49633423257, 2], [0.789735221933953, -0.6134478618733056, 1])
([5462.798126831563, 13898.984466679743, 2], [0.7277962867933708, -0.6857933835564334, 0])
([8996.943247737347, 8590.372477385237, 2], [-0.7197948120854621, 0.6941868829752218, 0])
([5377.3013530023145, 13665.898817174146, 2], [0.7425525975762446, -0.6697877573028428, 0])
([9726.351803547404, 9539.459773128561, 2], [0.8550164500750754, -0.5186008774587793, 1])
([5789.83893827544, 15107.392712378856, 2], [0.748375559122236, -0.6632752238011613, 0])
([10283.344701785465, 10249.709784532855, 2], [0.8287144625854445, -0.5596716354271654, 1])
([6260.330036936307, 16628.803954165538, 2], [0.7159989621919082, -0.6981013437460999, 0])
([11174.42823771497, 11366.499429020147, 2], [-0.8358903934872067, 0.5488963928427685, 0])
([17804.003796059507, 6802.974091515231, 2], [-0.6720006986261741, 0.7405505121502072, 0])
([10770.480008333505, 10964.658705000506, 2], [0.725119165553543, -0.6886234063310173, 0])
([6478.5258894979925, 17565.169829006118, 2], [0.7333450602607895, -0.6798566191419326, 0])
([12367.501222292944, 13682.823108670249, 2], [0.9328165543885584, -0.3603516003275937, 1])
([20626.877541182654, 8570.991075411892, 2], [-0.7379714031489407, 0.674831985115098, 0])
([14675.628541689446, 15676.84633615328, 2], [-0.4911031514632471, 0.8711014261398421, 1])
([23364.69588525157, 9376.326668090343, 2], [-0.670907965449212, 0.7415406272732459, 0])
([14013.949876169518, 14974.1937243353, 2], [0.7374666179624657, -0.6753835853727886, 0])
([22754.339084862357, 9123.305517275909, 2], [-0.6992780416113641, 0.7148497887809546, 0])
([14485.75882009069, 15435.707963569617, 2], [0.6515064223277188, -0.7586431187757101, 0])
([8610.19540549984, 24404.080078567098, 2], [0.7505173759488102, -0.6608507156680034, 0])
([13731.179533697108, 14618.418903737944, 2], [-0.6733376763914786, 0.7393350888140807, 0])
([8276.047779884706, 23469.097325302766, 2], [0.7304416815711472, -0.6829750726223577, 0])
([14888.336817179521, 16238.725242193224, 2], [0.8471687194003343, -0.5313239697864172, 1])
([24001.524224209807, 9825.639874488446, 2], [-0.6889434287297416, 0.7248151157433925, 0])
([14914.486971400554, 16265.739910422815, 2], [0.6864116748420755, -0.7272131823891098, 0])
([24085.88276692645, 9858.462527943071, 2], [-0.6914734481293516, 0.7224018760579907, 0])
([15578.367078313418, 16901.226622849335, 2], [0.6286437825393902, -0.7776933808864314, 0])
([25774.083673321467, 10495.941611604992, 2], [-0.7263771191645092, 0.6872963558424187, 0])
([16946.018339899358, 18226.988496553335, 2], [-0.6049748019096224, 0.7962446163424988, 1])
([27511.071480263396, 11103.535029973691, 2], [-0.6990659941962084, 0.7150571555886053, 0])
([18958.40400630057, 19923.760819258474, 2], [-0.5371748121831427, 0.8434709367583482, 1])
([31030.21126463504, 12236.001666144552, 2], [-0.7108360017242141, 0.7033577885064849, 0])
([21484.49601550207, 22021.20998662593, 2], [-0.5303775845887387, 0.8477615335492732, 1])
([13056.902044681425, 35663.24432301123, 2], [0.7184832992859669, -0.6955442104188285, 0])
([22816.83225740262, 23645.26377630929, 2], [0.8052858756033768, -0.5928867164591417, 1])
([36482.80720222344, 14197.894455757096, 2], [-0.6771182322277338, 0.7358742416913292, 0])
([27727.338406171108, 26832.237135753283, 2], [-0.3959076069324126, 0.9182903499291769, 1])
([43794.440267408456, 15935.109268413722, 2], [-0.6594385940787314, 0.751758432370044, 0])
([28960.525811939402, 27792.64422457791, 2], [-0.596659933919188, 0.8024941889232285, 1])
([45781.97531853352, 16518.079118413698, 2], [-0.6606919145929195, 0.7506571747419337, 0])
([32579.652963645112, 30216.015254558384, 2], [-0.49080847460270854, 0.8712674912207861, 1])
([52081.79485045328, 18139.73992177073, 2], [-0.6768079312773075, 0.7361596458378654, 0])
([31708.543732855305, 29431.25090338036, 2], [0.7159075469133009, -0.6981950904099653, 0])
([19063.248841657252, 47122.4464699523, 2], [0.7340776102593546, -0.6790655801289851, 0])
([35773.94219655715, 35251.723838520375, 2], [-0.9081150978261718, 0.41872063371675694, 0])
([57987.14213151204, 21442.179869189007, 2], [-0.6968239291073414, 0.7172422267431046, 0])
([36451.15879791424, 35876.065423432265, 2], [0.6697683583161581, -0.7425700951415148, 0])
([58801.16531159781, 21721.112523687272, 2], [-0.6898800672593859, 0.7239236788489413, 0])
([41138.75624159114, 39342.260702552005, 2], [-0.5153465692738689, 0.8569818630155795, 1])
([25433.672059180335, 64813.19971683438, 2], [0.6937584068679558, -0.7202077984165651, 0])
([41409.12747033234, 39594.62230576304, 2], [-0.7032090337818853, 0.7109831607060376, 0])
([66757.50301747635, 23958.295574223535, 2], [-0.6889811893985909, 0.724779222008263, 0])
([46391.59476329654, 43216.626123416725, 2], [-0.5250665521647339, 0.8510611704206924, 1])
([28462.314224638998, 70664.32758739754, 2], [0.704810471477349, -0.7093956577932212, 0])
([50559.734924261225, 47953.58049588117, 2], [0.8289359299111376, -0.559343565353493, 1])
([80521.30591386723, 28689.5784813617, 2], [-0.6713816706832932, 0.7411117677317707, 0])
([56069.961568107254, 51815.54701768432, 2], [-0.5221424894817294, 0.8528582652925527, 1])
([34797.7210270364, 85674.9009420641, 2], [0.6882352567831007, -0.7254875817825551, 0])
([60922.78920342108, 56949.188394415076, 2], [-0.8079891695022322, 0.5891973370332669, 0])
([96970.3120281301, 34053.92298622845, 2], [-0.6705611325508354, 0.7418542764668415, 0])
([72287.89808280414, 63801.129026077215, 2], [-0.42378898439219953, 0.9057609489858944, 1])
([43976.49825722097, 103433.60619547537, 2], [0.7170214113890931, -0.6970511427503671, 0])
([75096.14135596882, 66576.72550888656, 2], [-0.772006049617719, 0.6356151818149437, 0])
([44603.494945149825, 105170.4546380186, 2], [0.7515820218646516, -0.6596396473907872, 0])
([71679.41050890731, 63447.0335310197, 2], [-0.6844020145444493, 0.7291048501330241, 0])
([45234.66588873849, 106528.67081488756, 2], [0.6641299572281405, -0.7476171479521776, 0])
([72839.46138640215, 64387.83266176784, 2], [-0.6872914388023443, 0.7263817716249517, 0])
([44961.40252216511, 105912.25844452938, 2], [0.6960332147349929, -0.7180095848842627, 0])
([83130.20834057337, 76870.24089489061, 2], [-0.8866857876540373, 0.4623724840129866, 0])
([50404.554731266355, 124192.60470003086, 2], [0.7218187206525593, -0.6920821732392061, 0])
([92887.6004984642, 89577.1371579691, 2], [-0.8819319185291209, 0.4713768037139122, 0])
([56775.56603209513, 145920.89213090081, 2], [0.7102158409401021, -0.7039839907822788, 0])
([99792.9286461061, 97525.79643666666, 2], [-0.8136674052662478, 0.5813306749237404, 0])
([160967.3605816996, 59042.12079193633, 2], [-0.6897586875878657, 0.7240393310429102, 0])
([124726.00429376759, 112477.77069112101, 2], [0.36800589615102564, -0.9298234565755376, 0])
([75119.97145798465, 180436.08975695135, 2], [0.7314938660244071, -0.6818480211664962, 0])
([141484.01229036602, 136070.92330722054, 2], [0.9133706176131493, -0.4071291132810009, 1])
([84872.28963215723, 217339.9176319804, 2], [0.7372735343342839, -0.6755943572664248, 0])
([153724.74850636398, 152056.77107840797, 2], [-0.8569839433439224, 0.5153431098314026, 0])
([91197.16681134289, 239877.8999145813, 2], [0.7532885360462332, -0.6576901865326277, 0])
([171128.78470830165, 179424.48285288512, 2], [-0.9080215381571947, 0.41892348494998716, 0])
([103283.90472088009, 288477.2713330269, 2], [0.7284669997901531, -0.6850808931919888, 0])
([188859.82680036148, 205144.98158219442, 2], [-0.8707004034971918, 0.49181379337085235, 0])
([300213.85960482055, 122526.07600185761, 2], [-0.6686747292377171, 0.7435550460314727, 0])
([225527.8032725282, 230371.53960774894, 2], [0.4126852804270847, -0.9108736791228619, 0])
([363307.68787610036, 139295.08103461948, 2], [-0.6878865934365246, 0.7258181828600697, 0])
([240107.52323258072, 242839.78702458067, 2], [0.5975112867358068, -0.8018605004758126, 0])
([144578.86646192806, 389466.31997888733, 2], [0.7318239233770503, -0.6814937601864167, 0])
([246273.9577708105, 249932.3374697812, 2], [-0.7684073936526379, 0.6399609967646153, 0])
([148867.9001229025, 402499.7624915311, 2], [0.7262313741291432, -0.6874503554661212, 0])
([283167.1478152675, 310687.805359645, 2], [-0.927621194024365, 0.3735223157949353, 0])
([468456.31536958466, 192925.80950462777, 2], [-0.7262606214494494, 0.6874194569052141, 0])
([318392.1488701057, 343065.73289277096, 2], [-0.5571097581555338, 0.8304388703377767, 1])
([189535.23021870523, 543319.8708863355, 2], [0.7483387243795221, -0.6633167822345744, 0])
([336797.07131078653, 368883.8764534127, 2], [0.829413556216786, -0.5586350801407161, 1])
([555487.3743336388, 228333.5360343911, 2], [-0.7218745277843787, 0.6920239635562343, 0])
([363895.79300397343, 395415.1192175618, 2], [-0.6102287486960004, 0.7922252673734369, 1])
([583751.3991631782, 238147.6295217392, 2], [-0.6818287304552295, 0.7315118470167178, 0])
([394624.6079579326, 421938.84738674125, 2], [-0.5648731804613282, 0.8251777323677026, 1])
([646248.3165221858, 259270.28836765955, 2], [-0.7116076949244101, 0.702577033871993, 0])
([440718.2518122201, 462081.5179393686, 2], [0.5522319718907184, -0.8336904996590093, 0])
([719878.0510472254, 283201.83080525376, 2], [-0.7078958861658022, 0.7063167946109831, 0])
([486877.21748633374, 501925.2337766256, 2], [-0.5641945375290247, 0.8256418859423315, 1])
([780259.5691637942, 302016.62499765167, 2], [-0.6803961516208884, 0.7328445106975184, 0])
([568853.7730644125, 559702.7625819837, 2], [0.4558962979425887, -0.8900329013706417, 0])
([897402.2481575119, 332044.8766210817, 2], [-0.6576969506008051, 0.7532826303389731, 0])
([698938.3069651424, 633833.0054203994, 2], [-0.3605896790625295, 0.9327245484887711, 1])
([429214.15171350626, 1037349.572489912, 2], [0.7034674748805944, -0.7107274525337545, 0])
([748562.6700867325, 685937.8558710448, 2], [0.8024254602864584, -0.5967523612722997, 1])
([468459.4092497745, 1143034.3420894335, 2], [0.6761990569307704, -0.73671896636773, 0])
([887805.4646391409, 874445.6756708731, 2], [0.9223195411501436, -0.3864280838818378, 1])
([1424624.6513215085, 526803.5508912966, 2], [-0.6822663657126202, 0.7311036904689329, 0])
([1010947.762724776, 962128.8736036802, 2], [-0.49487340679831804, 0.8689650805664325, 1])