('Training size:', 10000, 'Testing size:', 20000)
(1, 388184.55625000002, 399861.50312499999, 0.93430001, 0.9278)
(2, 206152.00937499999, 206584.35625000001, 0.96649998, 0.9594)
(3, 75705.876562499994, 85143.557812500003, 0.94959998, 0.94714999)
(4, 32725.562890624999, 34794.883593749997, 0.98019999, 0.97000003)
(5, 24259.204296874999, 28740.3046875, 0.99339998, 0.9777)
(6, 24958.787109375, 26063.325976562501, 0.96689999, 0.95854998)
(7, 6673.5303710937496, 6833.9909179687502, 0.99220002, 0.98005003)
(8, 5631.0709472656254, 6127.5768310546873, 0.99150002, 0.97904998)
(9, 6810.2811523437504, 8216.6229003906246, 0.98030001, 0.9702)
(10, 8666.3403564453129, 8225.1780639648441, 0.99290001, 0.97724998)
(11, 5882.3000244140621, 5681.9380126953129, 0.99839997, 0.98455)
(12, 4502.0235168457029, 4970.5282012939451, 0.98860002, 0.97864997)
(13, 2709.6466545104981, 1828.9468017578124, 0.99970001, 0.98514998)
(14, 22.480711746215821, 101.82005004882812, 1.0, 0.98745)
(15, 0.0, 0.0, 1.0, 0.98745)