('Training size:', 10000, 'Testing size:', 20000)
(1, 653831.5, 667540.03749999998, 0.92940003, 0.92559999)
(2, 168271.1640625, 179186.08749999999, 0.96509999, 0.95499998)
(3, 100797.38125000001, 104429.7140625, 0.97409999, 0.96085)
(4, 50079.805468749997, 57443.513281250001, 0.97430003, 0.96214998)
(5, 52337.87890625, 56436.713281249999, 0.98820001, 0.97165)
(6, 61092.513085937499, 69518.003808593756, 0.99339998, 0.97780001)
(7, 41782.575781250001, 42398.346875000003, 0.9831, 0.97009999)
(8, 14750.421630859375, 16471.408593749999, 0.97359997, 0.96280003)
(9, 5072.9701416015623, 5287.9170166015629, 0.99830002, 0.98320001)
(10, 3126.4151489257811, 2061.9215972900392, 0.99910003, 0.98474997)
(11, 18337.52218017578, 18945.009228515624, 0.99159998, 0.97979999)
(12, 5897.6543701171877, 6272.2529632568358, 0.99330002, 0.97855002)
(13, 5100.4718879699703, 5216.2598815917972, 0.99980003, 0.9874)
(14, 764.41407775878906, 1318.5839721679688, 0.99940002, 0.98680001)
(15, 4245.7890534877779, 4006.0059326171877, 0.99779999, 0.98479998)
(16, 29834.181958007812, 34202.42354736328, 0.99989998, 0.98879999)
(17, 41392.846241760257, 38141.878601074219, 0.99989998, 0.98979998)
(18, 1213.7879684448242, 1798.3787109375, 0.99830002, 0.98650002)
(19, 81.947799682617188, 50.103201293945311, 1.0, 0.99054998)
(20, 112.59315185546875, 486.3516906738281, 1.0, 0.98995)
(21, 0.0, 0.0, 1.0, 0.98949999)