('Training size:', 10000, 'Testing size:', 20000)
(1, 448565.57187500002, 468935.49687500001, 0.91640002, 0.91275001)
(2, 133721.67343749999, 140099.50937499999, 0.9522, 0.94120002)
(3, 73137.104687500003, 75507.282812499994, 0.96950001, 0.95475)
(4, 52445.661718750001, 52558.728906249999, 0.9659, 0.95725)
(5, 37860.580078125, 42353.948046874997, 0.986, 0.96859998)
(6, 22229.296289062499, 24733.188671874999, 0.98299998, 0.96964997)
(7, 11287.571093750001, 13654.073046875001, 0.99169999, 0.97315001)
(8, 19184.628710937501, 21911.419140624999, 0.98940003, 0.9738)
(9, 2867.8656738281252, 4720.9999511718752, 0.99470001, 0.97595)
(10, 3144.1875732421877, 3679.3277465820311, 0.99290001, 0.97555)
(11, 2403.723876953125, 2202.2617630004884, 0.99879998, 0.97909999)
(12, 3463.2840728759766, 2162.9122009277344, 0.98580003, 0.96754998)
(13, 1486.0638599395752, 2110.948065185547, 0.99989998, 0.9806)
(14, 2902.5185333251952, 4543.8348358154299, 1.0, 0.98250002)
(15, 711.83666658401489, 692.38286590576172, 0.99959999, 0.98114997)
(16, 1107.7063674926758, 2193.4552978515626, 0.99910003, 0.98280001)
(17, 585.65806589126589, 1338.0188109397889, 0.99970001, 0.98409998)
(18, 362.33958892822267, 501.94388427734373, 0.99659997, 0.98140001)
(19, 5587.7919380187986, 6045.9758230209354, 0.99870002, 0.9835)
(20, 342.9628328323364, 245.89773712158203, 0.9993, 0.98449999)
(21, 249.12202720642091, 240.47452697753906, 0.99830002, 0.98435003)
(22, 5680.5002685546879, 5589.6014404296875, 0.99949998, 0.98474997)
(23, 66.742095184326175, 38.368150329589845, 0.99989998, 0.98640001)
(24, 174.53115310668946, 238.41136779785157, 0.99949998, 0.98460001)
(25, 11970.825671386719, 12521.209313964844, 1.0, 0.98825002)
(26, 0.0, 0.0, 1.0, 0.98930001)