('Training size:', 10000, 'Testing size:', 20000)
(1, 554500.81874999998, 565642.98750000005, 0.90740001, 0.89934999)
(2, 203113.11249999999, 206392.50625000001, 0.95240003, 0.93945003)
(3, 104421.22812499999, 110356.4265625, 0.93900001, 0.92654997)
(4, 48503.621874999997, 55487.065234374997, 0.97820002, 0.96039999)
(5, 41843.895703125003, 47041.682421874997, 0.9684, 0.94854999)
(6, 20793.825390624999, 23289.357617187499, 0.98689997, 0.96665001)
(7, 20716.904492187499, 25081.569726562499, 0.98470002, 0.96719998)
(8, 14387.879931640626, 17652.05419921875, 0.99479997, 0.97189999)
(9, 5474.5833251953127, 6504.2248046875002, 0.98750001, 0.96335)
(10, 2089.8164123535157, 3147.6473342895506, 0.99559999, 0.97084999)
(11, 347.26397781372071, 536.96340332031252, 0.99959999, 0.97584999)
(12, 546.8930048882961, 984.0969960927963, 1.0, 0.97514999)
(13, 0.0, 0.0, 1.0, 0.97514999)