('Training size:', 10000, 'Testing size:', 20000)
(1, 381752.33437499998, 392269.05625000002, 0.94700003, 0.93699998)
(2, 90653.837499999994, 97304.765625, 0.9497, 0.93879998)
(3, 42907.860156249997, 44482.256640624997, 0.96929997, 0.95534998)
(4, 22828.648632812499, 26998.185253906249, 0.96789998, 0.95585001)
(5, 14369.43466796875, 13381.50283203125, 0.99559999, 0.97434998)
(6, 8579.7020507812504, 10056.969970703125, 0.99550003, 0.97364998)
(7, 6850.0889648437496, 7623.9394897460934, 0.97960001, 0.96705002)
(8, 5247.1244827270511, 6269.3330444335934, 0.97979999, 0.96724999)
(9, 1196.6641174316405, 1696.45458984375, 0.99550003, 0.97684997)
(10, 129.68560485839845, 155.08879394531249, 1.0, 0.9799)
(11, 212.97087211608886, 468.52840270996091, 0.99900001, 0.97895002)
(12, 137.40995311737061, 179.2521987915039, 0.99980003, 0.98044997)
(13, 10233.475131225587, 11261.170120239258, 0.99769998, 0.98089999)
(14, 1545.4144662857057, 811.56497802734373, 0.9939, 0.97285002)
(15, 5133.9251190185551, 5652.3138061523441, 0.99919999, 0.98199999)
(16, 4629.2787109375004, 7220.0279541015625, 0.98269999, 0.97130001)
(17, 44.730700683593753, 0.0, 1.0, 0.98525)