('Training size:', 10000, 'Testing size:', 20000)
(1, 372186.42499999999, 411554.71250000002, 0.9228, 0.91554999)
(2, 97377.457812499997, 104267.559375, 0.95340002, 0.94129997)
(3, 57652.2265625, 58691.610937500001, 0.96490002, 0.95695001)
(4, 20160.432421875001, 23701.181640625, 0.98720002, 0.96789998)
(5, 52394.599999999999, 57180.961523437501, 0.99070001, 0.97095001)
(6, 14725.412792968749, 17333.375195312499, 0.98799998, 0.97329998)
(7, 2877.8645263671874, 3928.5292480468752, 0.99599999, 0.9777)
(8, 10621.65576171875, 13032.465234375, 0.98650002, 0.9745)
(9, 464.55116271972656, 779.24394073486326, 0.9993, 0.98124999)
(10, 1354.6266090393067, 1530.4557361602783, 0.99940002, 0.9813)
(11, 3989.5427745819093, 4194.419134521484, 0.99989998, 0.98145002)
(12, 798.92046146392818, 603.51552925109866, 1.0, 0.98245001)
(13, 0.0, 0.0, 1.0, 0.98245001)