('Training size:', 10000, 'Testing size:', 20000)
(1, 405092.85312500002, 424789.83750000002, 0.93669999, 0.92185003)
(2, 131109.47031249999, 129622.95, 0.96899998, 0.95284998)
(3, 55530.471875000003, 61394.180468749997, 0.9763, 0.9601)
(4, 27806.494921875001, 36211.823828125001, 0.98250002, 0.96125001)
(5, 10975.81064453125, 13804.32333984375, 0.99620003, 0.97125)
(6, 11608.967968749999, 14289.907373046875, 0.9975, 0.97245002)
(7, 6247.4025146484373, 6270.1665527343748, 0.99739999, 0.97539997)
(8, 524.80742797851565, 763.95119323730466, 0.9993, 0.97659999)
(9, 18237.829418945312, 17492.503173828125, 0.97610003, 0.96359998)
(10, 152.70992584228514, 479.88650970458986, 0.99900001, 0.97595)
(11, 7699.9192731857302, 9124.8563400268558, 0.9738, 0.96375)
(12, 1517.5429565429688, 1816.3440185546874, 1.0, 0.98025)
(13, 475.37178802490234, 359.33621215820312, 1.0, 0.98119998)
(14, 6303.9128051757816, 8684.3137321472168, 0.99849999, 0.97794998)
(15, 203.80889472961425, 98.733502197265622, 1.0, 0.98194999)
(16, 0.0, 0.0, 1.0, 0.98194999)