('Training size:', 10000, 'Testing size:', 20000)
(1, 461484.89374999999, 473504.27187499998, 0.91350001, 0.90750003)
(2, 128675.5125, 130545.83125, 0.94260001, 0.93589997)
(3, 92382.297656249997, 94604.8671875, 0.97000003, 0.95765001)
(4, 42640.746874999997, 48860.494921874997, 0.97329998, 0.95999998)
(5, 30391.552734375, 32871.900390625, 0.98519999, 0.97004998)
(6, 22328.152734374999, 22272.871875000001, 0.9896, 0.97469997)
(7, 42616.166015625, 47582.126367187499, 0.98989999, 0.97619998)
(8, 81420.441992187494, 85994.304980468747, 0.99559999, 0.97890002)
(9, 13989.09658203125, 15364.306835937499, 0.99330002, 0.97635001)
(10, 31455.751196289064, 33221.625244140625, 0.99830002, 0.98189998)
(11, 20095.682495117188, 22468.807666015626, 0.93970001, 0.93425)
(12, 8737.9064453124993, 7177.90625, 0.99519998, 0.97909999)
(13, 15407.913335418702, 16542.311184692382, 0.99659997, 0.98470002)
(14, 6381.5668457031252, 5163.6309265136715, 0.9946, 0.98145002)
(15, 233.55182113647462, 329.35670471191406, 0.9993, 0.9831)
(16, 6436.9472564697262, 7589.3659179687502, 0.9993, 0.98675001)
(17, 352.15394287109376, 625.0393005371094, 0.99800003, 0.98554999)
(18, 855.37363891601558, 980.16838073730469, 0.99860001, 0.98514998)
(19, 1292.0239456176757, 1480.4409362792969, 0.99980003, 0.98694998)
(20, 21030.701701354981, 16708.870443725587, 0.99940002, 0.98594999)
(21, 0.0, 0.0, 1.0, 0.98869997)