(1, 0.36980659108187869)
(2, 0.20725344278881683)
(3, 0.15755567030621825)
(4, 0.15241641233542416)
(5, 0.12784275578431842)
(6, 0.10884526668627552)
(7, 0.083628689234533385)
(8, 0.12768197449757898)
(9, 0.076276532000811345)
(10, 0.14245765415742928)
(11, 0.070747999793768376)
(12, 0.12742850108358011)
(13, 0.0611945589184189)
(14, 0.12747119987375796)
(15, 0.045244960016722083)
(16, 0.13097453719379554)
(17, 0.043728232405801426)
(18, 0.13063531703938008)
(19, 0.034666874509894467)
(20, 0.13258036309547019)
(21, 0.026122374028763596)
(22, 0.12619411888667728)
(23, 0.023707580900212636)
(24, 0.12976243260715403)
(25, 0.021662462752188263)
(26, 0.13304554805760566)
(27, 0.022090214787856499)
(28, 0.13273775248053721)
(29, 0.018125642700384404)
(30, 0.13300351806056335)
(31, 0.01730279628822529)
(32, 0.13394412682060361)
(33, 0.016066307500653323)
(34, 0.1362496963366441)
(35, 0.015133389966096941)
(36, 0.13764574141353716)
(37, 0.013280693840754096)
(38, 0.12780641285863242)
(39, 0.012170987778215936)
(40, 0.13069308583485945)
(41, 0.011314077186222229)
(42, 0.1326874068606059)
(43, 0.01100042442553026)
(44, 0.13304196707643837)
(45, 0.011307066480932807)
(46, 0.13303908815539742)
(47, 0.010331574957359096)
(48, 0.13598984657845836)
(49, 0.010108384372172373)
(50, 0.13494444169568834)
(51, 0.0091982057754116144)
(52, 0.12934472582950873)
(53, 0.0090913637117770538)
(54, 0.12958512722409568)
(55, 0.0077043840190550656)
(56, 0.13331014134217933)
(57, 0.0072025764206353352)
(58, 0.13669212549769982)
(59, 0.011952882807784775)
(60, 0.12752926185183688)
(61, 0.012114648519034706)
(62, 0.12728407924835319)
(63, 0.0082470688024804846)
(64, 0.14096221318851637)
(65, 0.011140552284020137)
(66, 0.12820244387300464)
(67, 0.0071603217653999074)
(68, 0.14025479388343201)
(69, 0.014176583950943589)
(70, 0.1260483003059821)
(71, 0.0099015416193833222)
(72, 0.12906693374461126)
(73, 0.0092484557754794281)
(74, 0.12950667033569188)
(75, 0.0032634595270022303)
(76, 0.13361547278799768)
(77, 0.0034267222181205482)
(78, 0.13346734725581622)
(79, 0.0027061432604842755)
(80, 0.13389271295501817)
(81, 0.0050358559281187005)
(82, 0.13882393678606303)
(83, 0.005048379761905245)
(84, 0.13212628313958338)
(85, 0.0041032042191626525)
(86, 0.13826663819308965)
(87, 0.005432381556403805)
(88, 0.13920309432955316)
(89, 0.012492352738041465)
(90, 0.12724652502301059)
(91, 0.012304162800839593)
(92, 0.12715619201119302)
(93, 0.012428296426455439)
(94, 0.14352440173415565)
(95, 0.012977357887255779)
(96, 0.12681193641549704)
(97, 0.0043015451894827883)
(98, 0.13287848771009941)
(99, 0.0029886060586489793)
(100, 0.13765991344069245)
(101, 0.012239220765429827)
(102, 0.14333324504039718)
(103, 0.014906717485992545)
(104, 0.14509048323449211)
(105, 0.017825686067936209)
(106, 0.12349011429074909)
(107, 0.017187967969001162)
(108, 0.1238323158007384)
(109, 0.017196303719362701)
(110, 0.12392356580151261)
(111, 0.0096745156675161655)
(112, 0.12922570433263536)
(113, 0.0096745275086191542)
(114, 0.12907045104414555)
(115, 0.0088934820898468308)
(116, 0.14133713716695584)
(117, 0.0090315916642535448)
(118, 0.12965030532402824)
(119, 0.0069469763087799969)
(120, 0.14001148065355212)
(121, 0.014888881043109889)
(122, 0.12557796919717887)
(123, 0.0032613945005284485)
(124, 0.13781894128095032)
(125, 0.0032041686158493484)
(126, 0.13350575432399517)
(127, 0.0010797294290868958)
(128, 0.13484926138537329)
(129, 0.0053053284682072262)
(130, 0.13893938893900656)
(131, 0.0049625867379773907)
(132, 0.13876737221232005)
(133, 0.01437864008527895)
(134, 0.12572220568576511)
(135, 0.010624713678019652)
(136, 0.12842142984075319)
(137, 0.0040386856117596891)
(138, 0.13301118457598624)
(139, 0.0040829428533273966)
(140, 0.13832559603142158)
(141, 0.0052384044247851414)
(142, 0.13901279721396401)
(143, 0.015033830923975497)
(144, 0.12542565349669701)
(145, 0.014969395647041576)
(146, 0.12527124209285129)
(147, 0.01089585415777658)
(148, 0.12837879163447868)
(149, 0.010477565838125287)
(150, 0.12851901268892241)
(151, 0.0071908760798816904)
(152, 0.14018616646987611)
(153, 0.010910777844790092)
(154, 0.1426197156303618)
(155, 0.024635196537483559)
(156, 0.11848984059620649)
(157, 0.024262248300381196)
(158, 0.11877854783522365)
(159, 0.019416696726549026)
(160, 0.12229523372723777)
(161, 0.01828299469273939)
(162, 0.12307861232011649)
(163, 0.015854875890581412)
(164, 0.12489020856671573)
(165, 0.014302303892428076)
(166, 0.12587255323016044)
(167, 0.012185244506702541)
(168, 0.12748197574406819)
(169, 0.0089150437827776909)
(170, 0.141352105431368)
(171, 0.012287627177093138)
(172, 0.14347349114125954)
(173, 0.0153570490006358)
(174, 0.12511564498929492)
(175, 0.0080397691912434382)
(176, 0.13034430791321858)
(177, 0.0060445621614868524)
(178, 0.13962891925817883)
(179, 0.0070603250391108822)
(180, 0.1310154708194087)
(181, 0.0053157739237187146)
(182, 0.13915456718057104)
(183, 0.0053143688123002113)
(184, 0.13201627537732427)
(185, 0.0053241965400655398)
(186, 0.13215574028188817)
(187, 0.0053730005197924159)
(188, 0.13214959355405437)
(189, 0.0042992115114971171)
(190, 0.13839375140042096)
(191, 0.0050239456266030439)
(192, 0.13892577967101336)
(193, 0.0076309426961457425)
(194, 0.1306098987988242)
(195, 0.0072760545220137357)
(196, 0.13086483680552841)
(197, 0.0072785656104048515)
(198, 0.14035578099652837)
(199, 0.015591288114673417)
(200, 0.12504909843176776)
(201, 0.01489426763567217)
(202, 0.12538683271267639)
(203, 0.015041723575783523)
(204, 0.12535564403716085)
(205, 0.015057250901378825)