WEIGHT: 11442.3312311, 10407.9589588 
THETA: 2

Ground Function:
TF
+1
+10 +10

Arguments: threshold winnow ground_file.txt sphere 5000 2500 0.2

Training Updates: 205
([0.9046982808393145, 1.9855050927906237, 2], [-0.1444913649166472, 0.9895060613581527, 1])
([1.6255785073829812, 2.875014428766797, 2], [0.8454445976456569, 0.5340631351364494, 1])
([3.2407349873748172, 2.6896699209371, 2], [0.9953678156859526, -0.09614006187108169, 1])
([5.736065253374769, 1.8156195943158402, 2], [0.8237403877909477, -0.5669671714676424, 1])
([3.949042304069885, 3.2558856055374057, 2], [-0.5385586134709738, 0.8425880487261983, 1])
([2.852099988543797, 6.004291595894965, 2], [-0.4694782622548007, 0.8829440306555182, 1])
([5.631680756695739, 5.258831139559051, 2], [0.9815409937035539, -0.19125186974103084, 1])
([3.6623737852574787, 9.055045131151152, 2], [-0.6207865127431986, 0.7839796589173333, 1])
([6.174423191661024, 5.741003570093048, 2], [-0.7535253264473217, 0.6574188789519642, 0])
([10.651626817268157, 3.7424013713226425, 2], [0.7866975163208935, -0.617338657314231, 1])
([6.6291885168396005, 6.204380803183143, 2], [0.6841696042754901, -0.729322941217071, 0])
([4.3901924475504215, 10.832897604395978, 2], [-0.5945480971108106, 0.804060047646887, 1])
([7.652746778533552, 7.158274766173684, 2], [0.8016934803439205, -0.5977353624925097, 1])
([5.0509037803913035, 12.466931686173151, 2], [-0.5994361044450257, 0.8004226113046609, 1])
([9.80089681797591, 10.181537601788706, 2], [0.9563722084299433, -0.29215098655118915, 1])
([16.89070423518596, 6.6285662590664725, 2], [0.7852438083579393, -0.6191866935226563, 1])
([10.10805220915752, 10.559764901237271, 2], [0.7407244595349523, -0.67180895725396, 0])
([17.236722137793706, 6.78542087291736, 2], [0.7699804258942156, -0.6380675071963486, 1])
([13.1767780751158, 12.855493928912988, 2], [-0.38748779463900185, 0.9218748336980475, 1])
([8.505112508517685, 22.002739929097274, 2], [-0.6315954267544315, 0.7752981471039949, 1])
([16.51133465465094, 17.997233823255847, 2], [0.9570545162154588, -0.2899080078086739, 1])
([26.088690348452914, 10.691626010375055, 2], [-0.659967780918139, 0.7512939026439568, 0])
([18.502671093344762, 19.520368010567044, 2], [0.49569096576598715, -0.86849897320491, 0])
([29.169073287775714, 11.57356686257713, 2], [-0.6567059950549807, 0.754146693991857, 0])
([20.569224100980602, 21.060871186160792, 2], [-0.5039521775338623, 0.8637315571164912, 1])
([32.558582127175, 12.531402325474932, 2], [-0.6625504994940901, 0.7490172465438509, 0])
([20.154149435423783, 20.66920320720566, 2], [0.6919609754845008, -0.7219349059344189, 0])
([34.15901802708152, 13.185509970962087, 2], [0.7611896037610053, -0.6485294034399396, 1])
([25.178429838272816, 24.570254997947607, 2], [0.44007818484406597, -0.8979594596775247, 0])
([15.029869711746422, 39.03304587051837, 2], [0.7443558142718528, -0.66778321464356, 0])
([26.253329738787624, 25.864456828067134, 2], [-0.8046679098567714, 0.5937251509299022, 0])
([15.586626848271653, 40.83808656772997, 2], [0.7521916694173267, -0.658944377363655, 0])
([27.975013320379045, 28.15331473713227, 2], [0.8438300745745189, -0.5366104781343372, 1])
([16.689174258196214, 44.6950944619013, 2], [0.7452262428978399, -0.6668117027290161, 0])
([29.487002145559448, 30.092999696873044, 2], [-0.821166580160895, 0.5706885732401346, 0])
([17.515778437746913, 47.54348036369609, 2], [0.7514240494649904, -0.6598195949542841, 0])
([32.67656439592593, 35.125899374503746, 2], [0.8996012009947667, -0.4367123528923509, 1])
([51.90233295320927, 20.96472621183502, 2], [-0.6675430806699937, 0.7445711755430868, 0])
([36.15983098599793, 37.87561683267099, 2], [0.5214114531133855, -0.8533053946637088, 0])
([57.6918165628498, 22.69726803606047, 2], [-0.6739787562741425, 0.7387507266264853, 0])
([39.2656570536727, 40.39854060872198, 2], [0.555098652061831, -0.8317845192591279, 0])
([63.15280718282284, 24.39025386151234, 2], [-0.6855788254521459, 0.7279984025337254, 0])
([40.453860969383804, 41.483344472812114, 2], [0.642569462231453, -0.7662274376499325, 0])
([65.0665607221385, 25.04617655504347, 2], [-0.6856388960754561, 0.7279418274755407, 0])
([39.35562840817602, 40.3613524137204, 2], [0.7253463218408471, -0.6883841321471279, 0])
([63.38842428669057, 24.40085394122198, 2], [-0.6876494296765221, 0.7260428788064477, 0])
([43.55075702818524, 43.69955135687078, 2], [0.5415216089130485, -0.8406868305619063, 0])
([26.091316088994862, 69.70119421350982, 2], [0.7391280790186182, -0.6735649061569695, 0])
([44.44426559076572, 44.730119239230774, 2], [-0.7684275698218445, 0.6399367702653865, 0])
([70.77338244158453, 26.758161170614535, 2], [-0.6712095833160977, 0.7412676272876284, 0])
([53.41541876322904, 50.41573190479436, 2], [0.40595062421806466, -0.9138950107627045, 0])
([31.751484869188246, 79.71335445149568, 2], [0.7504321852310482, -0.6609474528049516, 0])
([53.66046320794193, 50.681092809892924, 2], [0.757035446691018, -0.6533738075966398, 1])
([32.39781625648482, 81.51491843696272, 2], [0.7279629353656077, -0.6856164851678291, 0])
([59.14907547969909, 57.80936408435037, 2], [0.8684590460026931, -0.49576091557936686, 1])
([35.950037603483985, 93.63009621538745, 2], [0.718362339209733, -0.6956691380283593, 0])
([62.91280038058939, 62.19995675726853, 2], [0.8073603012504836, -0.5900587631454417, 1])
([99.2166837633196, 36.889820468454346, 2], [-0.6572291561675286, 0.753690809472504, 0])
([74.96889088010268, 69.54049421642944, 2], [-0.4042906786386543, 0.9146305522810269, 1])
([44.903388268285056, 110.88907310446095, 2], [0.739467748194727, -0.6731919855285116, 0])
([72.91468753725088, 67.56613357056165, 2], [-0.6993851421526158, 0.7147450055342572, 0])
([43.24863134876433, 106.5667299596713, 2], [0.7535549746752708, -0.6573848949756543, 0])
([78.04166368024701, 74.1001704669939, 2], [0.8515900556508261, -0.5242083336962727, 1])
([124.59291622620864, 44.43119020432436, 2], [-0.674905607223334, 0.7379040732632548, 0])
([84.86310106061602, 79.1221141311582, 2], [0.5540127422121747, -0.8325081870267383, 0])
([51.61586973400852, 128.24423495161062, 2], [0.7173226958412157, -0.6967410925380322, 0])
([92.91726683405989, 88.82939256310827, 2], [0.8481320152289177, -0.5297849419752649, 1])
([148.05181004089332, 53.16813141355233, 2], [-0.6720835056794209, 0.7404753617735433, 0])
([107.49589899356594, 98.32342475851506, 2], [0.46182050707755073, -0.8869734039094035, 0])
([64.99811016253959, 158.39208548676186, 2], [0.725811944421463, -0.6878931758166635, 0])
([117.41273851320452, 110.32687816785075, 2], [0.8531192627844738, -0.5217159413570528, 1])
([72.22591880251831, 180.86900555373933, 2], [0.7010003830287447, -0.7131608955863699, 0])
([123.08704170549679, 116.13518332987012, 2], [-0.7690903296329556, 0.6391400979950104, 0])
([76.00259583119524, 191.09297948450035, 2], [0.6955582874592203, -0.718469671417518, 0])
([139.3790532210888, 136.60012544140295, 2], [0.8748931609761282, -0.484315968017986, 1])
([85.24769381565332, 222.66651440807328, 2], [0.7092810491119174, -0.7049258069972313, 0])
([156.9990893557365, 160.41533638863245, 2], [0.8810234801421413, -0.4730725392983934, 1])
([255.749095878288, 98.04971147682252, 2], [-0.7039729487235135, 0.7102267859391966, 0])
([165.0266157728181, 167.77512950479377, 2], [0.6320304162355327, -0.7749435804967607, 0])
([263.3394494836459, 100.55625424594082, 2], [-0.6742249365092062, 0.738526055728, 0])
([192.7107090704149, 186.70827185618293, 2], [0.4504869146066305, -0.8927830306228937, 0])
([304.98696879602653, 111.07673596818856, 2], [-0.6623108563943164, 0.7492291568687295, 0])
([192.84026324793064, 186.81908039442524, 2], [0.6613412975557579, -0.7500851206011665, 0])
([114.31115955492155, 294.44756990440936, 2], [0.7544400516618216, -0.6563689575600813, 0])
([214.38571334612962, 219.9846487813986, 2], [0.9072425152472374, -0.4206079154365338, 1])
([127.98878178693124, 349.51861234048255, 2], [0.7441914042816034, -0.6679664316366318, 0])
([222.79361377592778, 230.53037571169662, 2], [-0.7996905158325314, 0.6004124239949568, 0])
([134.12423298030401, 369.6380403515008, 2], [0.7321379587919081, -0.6811563765362681, 0])
([247.96116717355127, 268.229791904613, 2], [0.8865442793677221, -0.4626437514117813, 1])
([400.67289254659227, 162.66117637934846, 2], [-0.6923107077975225, 0.721599531505456, 0])
([252.10999133429917, 272.3944818320857, 2], [0.6683716132272489, -0.74382752478784, 0])
([397.81753999379214, 161.6335159079543, 2], [-0.6580535922243627, 0.7529710949037899, 0])
([237.49141532619865, 256.8005185896402, 2], [0.74423152193713, -0.6679217332555838, 0])
([141.55018154849313, 407.2639819085895, 2], [0.7465617652463471, -0.6653161133418144, 0])
([242.27587532408225, 262.8822419735634, 2], [0.7753371556440501, -0.6315475398398713, 1])
([386.38381490570515, 157.47509784185175, 2], [-0.6733839076484266, 0.7392929817874206, 0])
([286.3884500496197, 294.23480692025123, 2], [-0.4320613525325156, 0.9018442147332172, 1])
([469.2561727169351, 180.90054226177745, 2], [-0.7124024123972322, 0.7017711897838239, 0])
([341.0595344616201, 334.7149832665315, 2], [-0.46035212845403345, 0.8877364010942895, 1])
([549.8690021717109, 202.54366868222633, 2], [-0.6890643653681034, 0.724700145149601, 0])
([409.7736896271432, 379.4140557612253, 2], [-0.4242606035941945, 0.9055401372870723, 1])
([645.8317139007751, 224.90254586146452, 2], [-0.6563309308943475, 0.7544731334854535, 0])
([439.87787651181793, 400.49379597554974, 2], [-0.5540552436966194, 0.8324799018188245, 1])
([699.874084907374, 239.39813073819542, 2], [-0.6699923453188885, 0.7423680065938288, 0])
([477.4485911806172, 426.7589619845009, 2], [0.551749987895487, -0.8340095628092822, 0])
([292.44647686854836, 696.6636139476534, 2], [0.7071727918109839, -0.707040764399238, 0])
([498.09961002542417, 447.0159439762213, 2], [-0.7682616725948063, 0.6401359249579973, 0])
([312.15125182857287, 745.8497978354318, 2], [0.6741890300043193, -0.7385588343671986, 0])
([498.4046249149711, 447.2661136980779, 2], [-0.6750722043388775, 0.7377516648094051, 0])
([308.0196977329221, 736.5707652924639, 2], [0.6942948421991681, -0.7196906780663707, 0])
([570.9841689151885, 537.2897303916474, 2], [-0.8904281324116631, 0.4551238743571663, 0])
([349.6070741978271, 876.7690858999417, 2], [0.7077163683862459, -0.706496668016335, 0])
([570.9581160810116, 537.2651749307688, 2], [-0.7076505396746401, 0.7065626042313522, 0])
([340.88623243160276, 853.6878296576436, 2], [0.7440945836247618, -0.6680742852559829, 0])
([586.4780078506035, 554.5887962016312, 2], [-0.7827866764129124, 0.6222901407144632, 0])
([932.7049363182074, 331.37519408994046, 2], [-0.6693437427360766, 0.7429528612637957, 0])
([591.027085022733, 558.4049700391528, 2], [0.658196506485549, -0.7528461721030524, 0])
([358.8278298565419, 903.3943629287251, 2], [0.7199324596762601, -0.6940441293638974, 0])
([630.6387637250393, 603.6958411889397, 2], [0.8135220647727273, -0.5815340489841663, 1])
([995.0576234701068, 358.2022552488108, 2], [-0.6579662226261465, 0.7530474419869443, 0])
([732.6455761624359, 667.1238632398877, 2], [0.4416646235739991, -0.8971802273140206, 0])
([451.0972440878562, 1094.6623044085088, 2], [0.6996769783604273, -0.7144593242112681, 0])
([854.9896488581446, 837.6465212864389, 2], [-0.9224684816115384, 0.38607240309727237, 0])
([1374.103158130975, 505.36980440739137, 2], [-0.6845114568797234, 0.7290021024663774, 0])
([848.3853635388281, 831.47517872566, 2], [0.6956986791331172, -0.7183337301369301, 0])
([508.35329534822654, 1326.4525757482563, 2], [0.7388882418131889, -0.6738279944542335, 0])
([895.854234667685, 889.7973610833023, 2], [-0.8174325193389785, 0.5760243712961549, 0])
([533.6136154483003, 1410.1473720893189, 2], [0.7474685308765352, -0.6642972191340818, 0])
([982.9178390438689, 1016.2411392572243, 2], [0.881275350250525, -0.4726031707900556, 1])
([582.4112408229397, 1600.9519336319017, 2], [0.7550326278812993, -0.6556872202770612, 0])
([939.8622600912462, 969.6343981438189, 2], [-0.6904111400453469, 0.7234172086018443, 0])
([558.7455235175449, 1533.3191168305088, 2], [0.7502579726217902, -0.6611451992697529, 0])
([1049.1298851986974, 1148.4669148518833, 2], [0.9089300255679992, -0.4169486882350827, 1])
([1658.5009313321696, 682.5692733671874, 2], [-0.6606865236401719, 0.7506619195618388, 0])
([1150.2599641639697, 1229.7299742078517, 2], [0.5279198683848842, -0.8492941849350474, 0])
([1829.0698416924197, 734.6934857855827, 2], [-0.6691502105044902, 0.7431271733571561, 0])
([1320.8314534099395, 1354.781084026464, 2], [0.4696637832300243, -0.8828453605938363, 0])
([2124.596429177514, 818.0242205909324, 2], [-0.6857424436561067, 0.7278442834621643, 0])
([1561.923565416476, 1522.3595650042434, 2], [0.44386496960497673, -0.8960936830251474, 0])
([2501.328076646065, 915.4250455846699, 2], [-0.6793704400141805, 0.7337954791595128, 0])
([1637.4431752572598, 1584.4165402310314, 2], [0.6112494540410522, -0.7914379981618999, 0])
([2605.319954506846, 947.1105613674255, 2], [-0.6700157168972877, 0.7423469129124292, 0])
([1957.6340307525595, 1780.9296172461502, 2], [-0.41234947208321354, 0.9110257476453095, 1])
([1218.2894443769185, 2952.3711956326283, 2], [0.6842541527902338, -0.7292436179969758, 0])
([2030.2443667455736, 1847.73708946206, 2], [-0.7367964520694857, 0.6761146265374075, 0])
([1204.1476415272525, 2914.090453358692, 2], [0.7536410923177509, -0.6572861659658655, 0])
([2177.4284260403197, 2033.2395565875897, 2], [-0.8546130040052414, 0.5192654556054515, 0])
([1329.4543902477562, 3308.4867783059726, 2], [0.7117910136354071, -0.7023913103875074, 0])
([2247.0630437492932, 2103.79734638246, 2], [0.7572063181014108, -0.6531757740664491, 1])
([1342.0119588385342, 3343.994723397142, 2], [0.7436430737994604, -0.6685768308804085, 0])
([2402.892961253347, 2296.7071984786917, 2], [-0.8403748562863549, 0.5420056281273177, 0])
([3797.218477720488, 1364.5746071476644, 2], [-0.6601706246910028, 0.7511156677204192, 0])
([2632.141355579826, 2457.6104788791786, 2], [-0.5287060394778013, 0.8488049975228101, 1])
([4191.949295394595, 1470.3370275617713, 2], [-0.6713842974260789, 0.7411093881268072, 0])
([3287.056323582913, 2813.932827644698, 2], [-0.35082508940552387, 0.936441005426186, 1])
([2033.0085044861826, 4637.516697802562, 2], [0.6931799268730028, -0.7207645863805593, 0])
([3434.0839657445003, 2946.777201803256, 2], [0.7563090643890458, -0.6542144901505671, 1])
([2089.7793781697774, 4778.799942380914, 2], [0.716574672277964, -0.6975103863382456, 0])
([3795.1353402664367, 3358.2419336816406, 2], [0.860800692853592, -0.5089422041674045, 1])
([2292.252399308062, 5403.654047560463, 2], [0.7273854276331584, -0.6862291451599294, 0])
([3961.9597368376653, 3531.101446216012, 2], [0.7894483113936169, -0.6138170441082316, 1])
([2474.0173826271525, 5872.296146315248, 2], [0.6793585821750376, -0.733806457334032, 0])
([4376.8311844584405, 3961.1749498898134, 2], [-0.8230311030882431, 0.567996305753259, 0])
([2664.8590173427838, 6427.267638549546, 2], [0.7158275297715873, -0.6982771280953624, 0])
([4640.101735059817, 4240.796358182485, 2], [-0.8000972268987558, 0.5998703422481567, 0])
([2777.907384962739, 6758.805386073049, 2], [0.7401579361726698, -0.6724330669446694, 0])
([4896.410428801954, 4535.182456936481, 2], [-0.8177259923653284, 0.5756076801174034, 0])
([3008.37261908355, 7426.10722688279, 2], [0.7027412219645686, -0.7114455530479792, 0])
([5372.014142372975, 5079.225181325687, 2], [0.8364798315373012, -0.547997711155191, 1])
([8544.511504769103, 3035.2762936415274, 2], [-0.6695349116419106, 0.7427805881232081, 0])
([5876.547900944297, 5439.5005534675265, 2], [0.5400291023705915, -0.8416463441332191, 0])
([9353.360372895893, 3252.5675001375153, 2], [-0.6705158617238826, 0.7418951941997461, 0])
([6397.350019786952, 5808.036606156713, 2], [0.5480103538548632, -0.8364715488693371, 0])
([3826.55029542556, 9247.610932255833, 2], [0.7414300576655133, -0.6710301554998207, 0])
([7091.348648173302, 6741.8791064640045, 2], [0.8900156661659687, -0.45592994415715543, 1])
([4361.75981882893, 11051.458333592253, 2], [0.7011496985756496, -0.7130140953636722, 0])
([7652.199911559899, 7366.958548699641, 2], [-0.8109642342997816, 0.5850957277972288, 0])
([12337.65057897519, 4458.081669865785, 2], [-0.6891212233531914, 0.7246460788027497, 0])
([8029.073677414699, 7680.566270871861, 2], [-0.6197622354145502, 0.7847896352233251, 1])
([4909.16514591089, 12515.642332014591, 2], [0.7097558518648494, -0.7044477487675023, 0])
([8575.31016010139, 8293.573685918658, 2], [-0.804711152766648, 0.5936665399135886, 0])
([13806.657834838543, 5012.1660768306965, 2], [-0.6871033718463258, 0.7265596716013143, 0])
([8345.253196712829, 8071.146397759843, 2], [0.7263364029446351, -0.6873393846983081, 0])
([4970.508992575341, 12790.186364287876, 2], [0.7475622269792266, -0.6641917771200267, 0])
([7881.070497352846, 7621.739252311716, 2], [-0.664998011433623, 0.746845127713455, 0])
([4766.010995599049, 12279.90208851406, 2], [0.7256093264189649, -0.6881068996993241, 0])
([7747.028285553329, 7489.809419969742, 2], [-0.7008607272228035, 0.7132981431608545, 0])
([4778.16690939268, 12310.51772685361, 2], [0.6971857567423735, -0.7168905220433339, 0])
([8236.574279799072, 8017.033683365688, 2], [-0.7855871722668589, 0.6187509957727427, 0])
([13086.910019871477, 4786.312514122446, 2], [-0.6680081716655513, 0.7441539374269598, 0])
([8486.842377126955, 8223.08452875878, 2], [0.6248247112852475, -0.7807650608008192, 0])
([13580.43868261432, 4941.09310609603, 2], [-0.678230294850036, 0.7348494180086375, 0])
([9193.0620484346, 8762.524667368007, 2], [-0.5629126998454063, 0.82651635939814, 1])
([5681.850217554236, 14431.441822605591, 2], [0.6941846777520989, -0.7197969388474882, 0])
([9587.270495511353, 9158.693134887208, 2], [-0.7547593367975735, 0.6560017862147078, 0])
([5899.307219430707, 15019.042413467821, 2], [0.7005745944836757, -0.713579173998256, 0])
([9596.56662897427, 9167.428912777588, 2], [-0.7019728013814013, 0.7122037532341062, 0])
([15333.24200879609, 5500.954934714767, 2], [-0.6760725186639841, 0.7368350897638745, 0])
([11312.577841188895, 10255.305414827328, 2], [-0.43873504847564376, 0.8986164683774022, 1])
([7019.08007375092, 16952.95399585804, 2], [0.6885738520646536, -0.7251662224985693, 0])
([11994.848033544282, 10921.757332541161, 2], [0.773061012529663, -0.6343316726339719, 1])
([7143.2257811428035, 17304.724249323663, 2], [0.7477672523192899, -0.6639609449047883, 0])
([11429.499006645601, 10397.305625352887, 2], [-0.6781145392897633, 0.7349562378834759, 0])
([7167.069425122185, 17357.663993542545, 2], [0.6733069321422175, -0.7393630874808637, 0])
([11442.331231138593, 10407.958958800942, 2], [-0.6749257784164008, 0.737885623676878, 0])