(1, 0.39082010008198809)
(2, 0.18675635908179039)
(3, 0.26122870892781541)
(4, 0.18610516626699708)
(5, 0.24304921818898817)
(6, 0.18581611513979837)
(7, 0.23062118511512011)
(8, 0.15984802547831445)
(9, 0.13855651923431159)
(10, 0.11880642660682376)
(11, 0.12586006519961282)
(12, 0.096470660059024105)
(13, 0.12903829391358473)
(14, 0.089540005839421871)
(15, 0.12685772256669184)
(16, 0.080329164882250156)
(17, 0.12533475918697262)
(18, 0.074964318235089811)
(19, 0.12103861534976883)
(20, 0.064634797043129757)
(21, 0.14865025871229193)
(22, 0.051620209675437949)
(23, 0.11217368282402328)
(24, 0.04330333789199671)
(25, 0.11094892158171309)
(26, 0.039817994563101519)
(27, 0.10859347425086853)
(28, 0.037100095446662866)
(29, 0.10890412133835829)
(30, 0.034767423498581987)
(31, 0.11003761676130284)
(32, 0.035123391130674947)
(33, 0.10837422595019158)
(34, 0.032802032320193956)
(35, 0.11105875405991955)
(36, 0.02965809993436792)
(37, 0.11463916694401324)
(38, 0.02976780379614823)
(39, 0.11419001327175107)
(40, 0.028060092270960232)
(41, 0.11593573805452609)
(42, 0.021851160352202269)
(43, 0.1200629080060025)
(44, 0.018378085054945793)
(45, 0.12277275274365296)
(46, 0.017109116372667908)
(47, 0.12399295400297686)
(48, 0.0099423056249182146)
(49, 0.13080930114392469)
(50, 0.0087154760672857358)
(51, 0.13611781579734109)
(52, 0.0089089471496434768)
(53, 0.13607019595325895)
(54, 0.0093954940645415343)
(55, 0.13510113932867374)
(56, 0.009516617756949999)
(57, 0.13629992419260101)
(58, 0.011471195144599163)
(59, 0.1277739426184995)
(60, 0.010391779273908662)
(61, 0.12848442792882753)
(62, 0.0087782316265142702)
(63, 0.12984688139360692)
(64, 0.0087467327347761636)
(65, 0.14115637965624156)
(66, 0.0084065797113605147)
(67, 0.13009219144792575)
(68, 0.0082942625063759361)
(69, 0.13010043101442581)
(70, 0.007747232089805693)
(71, 0.14057711434898643)
(72, 0.0090704316455031304)
(73, 0.1413738094617577)
(74, 0.0098448180469182401)
(75, 0.14183375633553569)
(76, 0.010516900866089394)
(77, 0.12858011933178004)
(78, 0.010089992743814242)
(79, 0.12892632443776)
(80, 0.0058165950165659491)
(81, 0.13370197992532082)
(82, 0.0054216020552861326)
(83, 0.13525139191738364)
(84, 0.0056393902141502663)
(85, 0.13514157713983879)
(86, 0.0052272611282311648)
(87, 0.13702370574299361)
(88, 0.0085878014250392338)
(89, 0.1299725755672709)
(90, 0.0039186642633737582)
(91, 0.13689170168250825)
(92, 0.003942649943352668)
(93, 0.13447741693153376)
(94, 0.0038622702196548665)
(95, 0.13654032786257536)
(96, 0.0047338052443122664)
(97, 0.13256980037803387)
(98, 0.0031946906154697195)
(99, 0.1359019088462376)
(100, 0.0033169003639809879)
(101, 0.13542339801088632)
(102, 0.0034093633643526348)
(103, 0.13599977328909416)
(104, 0.0034464818792747875)
(105, 0.13580796606963516)
(106, 0.0083371626865320937)
(107, 0.14101967471419349)
(108, 0.0082765629139168167)
(109, 0.14091775159250181)
(110, 0.00865400202097741)
(111, 0.12991730141514413)
(112, 0.0076596763388519108)
(113, 0.13059009368558586)
(114, 0.0074688939869678199)
(115, 0.13052276845117947)
(116, 0.0042773722192602703)
(117, 0.13289223008315076)
(118, 0.0023977095910383841)
(119, 0.13418907696804377)
(120, 0.0059318512882110845)
(121, 0.13170050690726159)
(122, 0.0018627853495206221)
(123, 0.13620883156245714)
(124, 0.013810026514290828)
(125, 0.12627826886151655)
(126, 0.0069140080983593876)
(127, 0.13111440932253751)
(128, 0.0051959849195044941)
(129, 0.13891814008321754)
(130, 0.007169810465973976)
(131, 0.13075946554683129)
(132, 0.0064421789524145125)
(133, 0.13980651314355425)
(134, 0.0062737724955097413)
(135, 0.13964657603061892)
(136, 0.011183187269922599)
(137, 0.14267487405743959)
(138, 0.012753929644728237)
(139, 0.12706587151053186)
(140, 0.012704317828940085)
(141, 0.12689107385922968)
(142, 0.012203189471888564)
(143, 0.12720408666516689)
(144, 0.010285616562604988)
(145, 0.1287893782493858)
(146, 0.0090378332693059771)
(147, 0.12966337882116286)
(148, 0.0089232473177452802)
(149, 0.12955155526630588)
(150, 0.0053186066764165018)
(151, 0.13214791979249035)
(152, 0.00067300206272828645)
(153, 0.13602266783097852)
(154, 0.00069115480007321984)
(155, 0.13530130004535723)
(156, 0.00068102887359077434)
(157, 0.13581369931142045)
(158, 0.0078302576262051816)
(159, 0.14062108783668709)
(160, 0.015245524392522605)
(161, 0.12533029027228609)
(162, 0.0066094063137073882)
(163, 0.13130374172846576)
(164, 0.00083481800825047385)
(165, 0.13621845062618049)
(166, 0.0032842200932535416)
(167, 0.13351703718665042)
(168, 0.0015503159746867179)
(169, 0.13672918131875211)
(170, 0.015606085533324734)
(171, 0.12503372036083316)
(172, 0.011246848772290229)
(173, 0.12789792881174672)
(174, 0.0026461181451841384)
(175, 0.13733781772966677)
(176, 0.0063968061707104671)
(177, 0.13985539500040997)
(178, 0.012894605119572066)
(179, 0.12678966238555792)
(180, 0.013109128357328565)
(181, 0.12676192643692805)
(182, 0.002436812663985309)
(183, 0.13730517123013458)
(184, 0.015834809218371822)
(185, 0.12474095051309429)
(186, 0.016049928322628759)
(187, 0.12473727693952683)
(188, 0.0099309376995221944)
(189, 0.12901977191104175)
(190, 0.0086548570326804471)
(191, 0.12992588024693832)
(192, 0.0015167358764519572)
(193, 0.13672912601338888)
(194, 0.0042271935090694773)
(195, 0.13286018978491343)
(196, 0.0064925179517146261)
(197, 0.13970824271759788)
(198, 0.0068861001851320963)
(199, 0.13097425201761032)
(200, 0.004795623375074721)
(201, 0.13249380211229461)
(202, 0.002049690005420829)
(203, 0.1370299764203822)
(204, 0.0054151301940074991)
(205, 0.13196746525352746)
(206, 0.00059874161911331494)
(207, 0.13520615267136016)
(208, 0.0069606245736043206)
(209, 0.13088461785528641)
(210, 0.0049023735663075545)
(211, 0.13891460665082703)
(212, 0.018871606362948705)
(213, 0.12263477710221507)
(214, 0.017511611237920329)
(215, 0.12369329238237432)
(216, 0.012305202325006254)
(217, 0.12717359840006628)
(218, 0.0041017699690593778)
(219, 0.13826495240787257)
(220, 0.0038957352062442127)
(221, 0.13804898908812377)
(222, 0.0042316327831292697)
(223, 0.13292530898458446)
(224, 0.0041430906208395927)
(225, 0.13842171124715913)
(226, 0.012870926841859757)
(227, 0.14377581972034198)
(228, 0.012817071515311633)
(229, 0.12692438828215757)
(230, 0.012984633735276998)
(231, 0.14381907077751044)
(232, 0.016907231760889804)
(233, 0.12399293307300564)
(234, 0.016566610061690974)
(235, 0.12433238902686548)
(236, 0.016641242768490275)
(237, 0.12432926950591278)
(238, 0.013077061053902812)
(239, 0.12675315992453243)
(240, 0.0128605356496122)
(241, 0.12696131170481695)
(242, 0.0046182091515150668)
(243, 0.13859077191311941)
(244, 0.016457673293385908)
(245, 0.12440585511850197)
(246, 0.015280172735152092)
(247, 0.125279876805451)
(248, 0.013956991401916551)
(249, 0.14450955955707512)
(250, 0.026917778915939126)
(251, 0.11674825466101001)
(252, 0.023243067966936634)
(253, 0.11948115850956796)
(254, 0.020587203789618543)
(255, 0.12125072082147161)
(256, 0.019766251637097783)
(257, 0.1479802345742999)
(258, 0.021864714345695955)
(259, 0.12053675161434575)
(260, 0.021775387443877154)
(261, 0.12060458332008075)
(262, 0.014743734104495591)
(263, 0.12562039093876001)
(264, 0.014559268491579579)
(265, 0.12580233915951439)
(266, 0.012460473093721955)