WEIGHT: 2840.83799754, 2789.6374285 
THETA: 2

Ground Function:
TF
+1
+10 +10

Arguments: threshold winnow ground_file.txt sphere 5000 2500 0.2

Training Updates: 162
([0.6638690107783769, 1.7491450760434206, 2], [-0.5910294860605981, 0.8066499529578771, 1])
([1.319010798285112, 1.5900095445802478, 2], [0.9904858615436212, -0.137614527148082, 1])
([1.4204534321669695, 3.1674146035086683, 2], [0.10689515982266024, 0.9942702976587845, 1])
([2.820155223077325, 3.502450163260153, 2], [0.989423036325793, 0.1450587990707516, 1])
([4.939527173010151, 2.3294728639897477, 2], [0.8085983775062202, -0.5883609979377525, 1])
([3.435864032088105, 4.204418503955448, 2], [-0.5237000034976118, 0.8519027563851412, 1])
([2.182212386023773, 7.099108805210212, 2], [-0.6548814253937707, 0.755731644616145, 1])
([3.753796508494506, 4.610941621522405, 2], [0.7825589242370686, -0.6225765254945949, 1])
([7.011112271631777, 3.414918504556998, 2], [0.9012928929729056, -0.43321025042873884, 1])
([5.66429315256355, 6.603904440461881, 2], [-0.3077474041672262, 0.9514680946980482, 1])
([9.882635512997394, 4.369111980065332, 2], [0.8029998994615097, -0.5959791619384063, 1])
([6.8996958002131175, 7.9035495379999245, 2], [-0.5183630762508404, 0.8551606405698086, 1])
([12.56460172833189, 5.580196162299772, 2], [0.8647602799072754, -0.5021848845740887, 1])
([9.363931202294024, 10.45335644757578, 2], [-0.42417870153779974, 0.9055785052449656, 1])
([16.67186913025244, 7.117957048142799, 2], [0.8322296180185168, -0.554431116454293, 1])
([11.510546654087753, 12.78745545004461, 2], [-0.5344595070311785, 0.8451940814653103, 1])
([19.548249114342028, 8.17681733008597, 2], [0.7640830439201765, -0.645117897747131, 1])
([15.818232235135836, 15.820762209784174, 2], [-0.305451014301441, 0.9522077913261481, 1])
([10.055956998443314, 26.734687586774704, 2], [-0.6535379949954226, 0.7568937105679786, 1])
([18.226407656708744, 18.725827630906977, 2], [-0.8579798550737978, 0.5136833346406569, 0])
([28.736948479850852, 11.103630102760793, 2], [-0.656876632307805, 0.7539980702415338, 0])
([18.4577201423104, 18.927735072274515, 2], [0.6386825075585616, -0.7694703727491448, 0])
([29.107495225377345, 11.225317080283617, 2], [-0.6571663317777736, 0.7537455886290447, 0])
([21.903476354285182, 21.12187514900905, 2], [-0.4102308355371923, 0.91198172217126, 1])
([13.050026652579229, 33.4832969160207, 2], [0.7471071083855094, -0.6647036697655901, 0])
([23.37763298501991, 23.014207993749167, 2], [-0.8410761092915112, 0.5409167943215055, 0])
([13.857648688903422, 36.272758985339095, 2], [0.7544463751181627, -0.6563616892164444, 0])
([24.743999282759116, 24.807238583238696, 2], [0.8363962092772395, -0.5481253333925228, 1])
([14.71173383253011, 39.23313513452866, 2], [0.75011141313403, -0.6613114756951287, 0])
([26.896224810326274, 27.89084697329508, 2], [0.8704364048215686, -0.4922808803531802, 1])
([42.97312649148316, 16.73558073299204, 2], [-0.6760310551837234, 0.7368731318396549, 0])
([26.452958909814996, 27.45475295901021, 2], [0.7000056388046544, -0.7141373156765357, 0])
([42.24102987422616, 16.46537970608882, 2], [-0.6752159045374954, 0.7376201476773883, 0])
([29.102814452256776, 29.540786634632852, 2], [0.5374863304194895, -0.8432724616707173, 0])
([46.108369786692215, 17.591277185300793, 2], [-0.6638699796388402, 0.7478480127233916, 0])
([28.831616129892833, 29.29178938961625, 2], [0.6773769504931968, -0.7356360968172626, 0])
([45.56430686766429, 17.404405719745462, 2], [-0.6602524130716804, 0.7510437743787131, 0])
([27.244654238369062, 27.700823440633815, 2], [0.7419309393206629, -0.6704763092598862, 0])
([43.43089082771178, 16.58705194420071, 2], [-0.6727483629658809, 0.7398713672840214, 0])
([31.66886355721063, 30.742046596839977, 2], [0.45565644784095277, -0.8901557175803372, 0])
([18.90677132580469, 48.84504828758832, 2], [0.7441620789568021, -0.6679991019774579, 0])
([36.01038188835557, 37.82696707372314, 2], [0.9295098813497465, -0.36879720778929437, 1])
([21.367433730778753, 59.68781659608345, 2], [0.7529992513225936, -0.6580213731389076, 0])
([39.58827351863466, 43.49386579694957, 2], [-0.8896595034719026, 0.4566245371003707, 0])
([63.68682839046983, 26.264912071344916, 2], [-0.6859218759466195, 0.7276751885957569, 0])
([37.746867015547146, 41.38987749533094, 2], [0.7546381214873077, -0.6561412238216003, 0])
([60.70191819157367, 24.98560725581489, 2], [-0.6853852006960729, 0.7281806964392862, 0])
([41.93177281613595, 44.90176783775327, 2], [-0.533698280042443, 0.8456749646759907, 1])
([68.09212748814353, 27.360318379531826, 2], [-0.6994441832502108, 0.714687228455529, 0])
([46.616288252107076, 48.88675646813674, 2], [-0.5466538730936337, 0.837358670482207, 1])
([74.72314771018979, 29.42211582048976, 2], [-0.6807210930705938, 0.7325426905298938, 0])
([49.649434561543075, 51.49621732178841, 2], [0.5897779422656416, -0.807565464106103, 0])
([80.58884887091236, 31.36492751226819, 2], [-0.6988029384099269, 0.7153142339347456, 0])
([59.82505871780157, 58.64718704610658, 2], [-0.42983031819630274, 0.902909684054427, 1])
([95.16582901411094, 35.05024467965715, 2], [-0.6696937334063124, 0.742637397009008, 0])
([67.06265466992463, 63.75694236342442, 2], [-0.5049340479319809, 0.8631579271715135, 1])
([40.74166076723454, 103.21548661113853, 2], [0.7190048026234552, -0.69500510343767, 0])
([75.21338338778209, 74.69533636231229, 2], [0.8844846057257528, -0.46656937558541006, 1])
([45.594990950979195, 120.65302532825358, 2], [0.7221140571882068, -0.6917740154206338, 0])
([74.58844617756637, 74.0586363443994, 2], [-0.7100768337839916, 0.7041242007794517, 0])
([45.18946378118975, 119.5507994794294, 2], [0.7229657348592453, -0.6908838876536573, 0])
([80.13498198962813, 80.92219696459217, 2], [-0.8264457337225064, 0.5630163844968173, 0])
([48.14558752699084, 129.47230322782784, 2], [0.7350285885664354, -0.6780361155499269, 0])
([90.569512604675, 97.3743510989834, 2], [-0.9116219105750266, 0.4110297947345644, 0])
([146.7776094607439, 59.2172917908521, 2], [-0.6965345067074127, 0.7175232964621159, 0])
([89.57415277626727, 96.31185977871, 2], [0.7124775075242474, -0.7016949488716847, 0])
([53.42631573046191, 152.8646946476124, 2], [0.7455319603960447, -0.6664698763095226, 0])
([101.74865860254258, 118.35735216509066, 2], [-0.9293873372298848, 0.36910591623102484, 0])
([172.71597743537893, 75.63959644255768, 2], [0.7633917734857582, -0.6459357554542626, 1])
([130.58023302923738, 142.62319594069544, 2], [-0.4034650272532902, 0.9149950665350617, 1])
([215.0607181675601, 88.15014967207101, 2], [-0.7198075127543684, 0.6941737135489714, 0])
([140.3625279550619, 152.21436162585005, 2], [0.6155861976275548, -0.7880695612003099, 0])
([230.63892243293643, 93.8543142034335, 2], [-0.7164781652613047, 0.6976095173546547, 0])
([150.63734767522203, 162.15435580423411, 2], [-0.6145564983029934, 0.7888728100229864, 1])
([237.91310245900527, 96.29522872067852, 2], [-0.659355223461705, 0.7518315564631248, 0])
([163.36376519891357, 172.39178183832593, 2], [0.5423467038448871, -0.8401547790904877, 0])
([262.1961020732546, 103.87581334406724, 2], [-0.6825582150910582, 0.7308312274470138, 0])
([202.17590853855742, 197.5024249937772, 2], [0.3750351433011867, -0.9270105939465084, 0])
([322.68579326257026, 118.39538526680374, 2], [-0.6745189677031127, 0.7382575175429826, 0])
([220.48494823739296, 211.2775563204441, 2], [0.5494498911316378, -0.8355266705111402, 0])
([136.0389413079864, 347.3862134347391, 2], [0.6966604874702362, -0.7174009793676983, 0])
([238.64487903192733, 231.54305851717834, 2], [0.8108456948516254, -0.5852599927729426, 1])
([375.94542080450384, 137.19447412522067, 2], [-0.6556578501819761, 0.7550581325267276, 0])
([258.54392279379545, 245.85613313557715, 2], [-0.5401138348505303, 0.8415919708522973, 1])
([155.82919762779954, 394.7083754389183, 2], [0.7304438182667345, -0.6829727874197579, 0])
([251.8580352375884, 239.41418782898174, 2], [-0.6926451835635932, 0.7212784827555555, 0])
([153.00733469862436, 387.5838431935914, 2], [0.7190099463211429, -0.6949997820800141, 0])
([263.26576988165885, 251.81861860825848, 2], [0.782919139792361, -0.622123476929451, 1])
([156.68141937130986, 398.7017427811583, 2], [0.7486858499256487, -0.6629249566286587, 0])
([287.5349219491194, 285.3678534829845, 2], [0.8759030834071548, -0.48248708633272114, 1])
([465.444750358978, 173.3502720419469, 2], [-0.6948727396742914, 0.7191327246465317, 0])
([323.8642684669471, 312.9402803943471, 2], [0.5232206196610679, -0.8521972677505415, 0])
([514.4119968195223, 186.77598010974904, 2], [-0.667534982555745, 0.7445784358039798, 0])
([336.1574491778313, 322.8313023030859, 2], [-0.6137871690187584, 0.7894715391627097, 1])
([205.9159578720698, 527.0400336507063, 2], [0.707081480878211, -0.7071320805896704, 0])
([389.7514427640453, 401.9920542269217, 2], [-0.9204987245735584, 0.3907455669082534, 0])
([620.6136495532121, 240.4667329850071, 2], [-0.6711410638955937, 0.7413296650971757, 0])
([405.71343833316064, 415.7563666565371, 2], [-0.6132343380095662, 0.7899010360076566, 1])
([658.3165377658132, 253.1430704704872, 2], [-0.6983203512620209, 0.7157853637881175, 0])
([396.46224743556024, 406.05899233661904, 2], [0.7315979467364384, -0.6817363451738712, 0])
([628.2138008350838, 241.83462778552158, 2], [-0.6640721431537563, 0.7476685018690948, 0])
([439.8649725192582, 438.2318051225386, 2], [-0.5141949163728089, 0.85767335738984, 1])
([708.2599761737303, 264.8624313029075, 2], [-0.6872182971543939, 0.7264509701667521, 0])
([425.78318739051633, 424.04568157985636, 2], [0.7341600335797343, -0.678976468733787, 0])
([685.163609162624, 256.13936562483326, 2], [-0.6863295439343929, 0.7272906964363066, 0])
([468.5133263164104, 457.309975979038, 2], [0.5483584438871847, -0.8362433957991092, 0])
([745.4744945010008, 273.3735173914144, 2], [-0.6700689090551584, 0.7422989001188335, 0])
([463.38286682749134, 452.688332589912, 2], [0.6859542904919015, -0.7276446326028605, 0])
([281.13497533859345, 731.8326511180877, 2], [0.7209417556452075, -0.6929956601359102, 0])
([482.9346867201661, 474.5102791604931, 2], [0.7805651414451722, -0.6250744435350708, 1])
([769.3561193240582, 283.96793495803405, 2], [-0.6718234584130977, 0.7407113072755571, 0])
([556.7270847265511, 524.2131709657592, 2], [0.46668127512081525, -0.8844255691982282, 0])
([344.6701559667505, 864.7522975809483, 2], [0.6917538867561519, -0.7221333395971666, 0])
([654.5725291404302, 664.9014273539975, 2], [-0.9253366720081942, 0.379146466997649, 0])
([391.5332763736382, 1058.6720253205046, 2], [0.7414181299243519, -0.6710433343827186, 0])
([744.1396749526078, 815.5298533155171, 2], [0.9264385132518144, -0.376446119868126, 1])
([1174.058795968981, 483.8624052676563, 2], [-0.657859313726875, 0.7531408389821953, 0])
([778.6199488550737, 845.7067013356277, 2], [-0.5925134460720999, 0.8055605602459475, 1])
([1237.277053186986, 504.95519996285634, 2], [-0.6681773739694573, 0.7440020140532417, 0])
([923.2533901932658, 946.4845104010167, 2], [-0.42237002708159954, 0.906423499377134, 1])
([561.0541436397654, 1532.7136964945241, 2], [0.7185866524796822, -0.695437432755848, 0])
([998.6649155591795, 1043.2636015271853, 2], [-0.8318606857258729, 0.5549845038770728, 0])
([598.2413786643973, 1663.8317912367454, 2], [0.7392729872290418, -0.6734058585678098, 0])
([1016.086046381619, 1064.0437434707062, 2], [0.7642229745272541, -0.6449521262890109, 1])
([614.8183362241053, 1715.3783351171526, 2], [0.7247904832414388, -0.6889693428612347, 0])
([1165.5833877272737, 1313.3902767549225, 2], [0.9228201234605863, -0.38523112508750895, 1])
([1943.2044171983055, 822.349444562623, 2], [-0.7373854536510936, 0.6754721998304378, 0])
([1193.0948880870524, 1345.639625304386, 2], [0.7037288879098623, -0.7104686145926141, 0])
([1896.4920591344014, 803.6793512201147, 2], [-0.6686245442430582, 0.7436001740423162, 0])
([1232.8653616037127, 1383.4306962282274, 2], [0.6213180759587164, -0.7835584525017637, 0])
([2007.295195673263, 845.1594238471231, 2], [-0.7032375421486461, 0.7109549629285467, 0])
([1279.0005605682477, 1431.0040745647725, 2], [0.6502359005449032, -0.7597323697477677, 0])
([2026.3703923583664, 852.1560525676581, 2], [-0.6638810063220497, 0.7478382241132253, 0])
([1266.7169543247862, 1418.5652005026243, 2], [0.6778037100345098, -0.7352429058912805, 0])
([2024.0521228426974, 851.2592858957578, 2], [-0.6761522495824906, 0.7367619258515855, 0])
([1394.6544199285995, 1527.3567089400622, 2], [-0.5373387600759942, 0.8433665021329655, 1])
([2304.126221269255, 947.0843032870804, 2], [-0.7243120682255288, 0.6894722821280467, 0])
([1591.5631558588639, 1701.9528633852456, 2], [0.5337753439170076, -0.8456263254099178, 0])
([2542.5666086913534, 1021.113886370259, 2], [-0.6758411628336674, 0.7370473001237005, 0])
([1755.2923015860358, 1834.3453505129776, 2], [-0.5345742728797964, 0.8451214982326725, 1])
([2858.2049129698166, 1120.7535913039412, 2], [-0.7033980545287134, 0.7107961570557491, 0])
([1708.215845495775, 1782.8473452906624, 2], [0.7426190696305748, -0.6697140564606805, 0])
([2807.160942980576, 1099.4034425808659, 2], [-0.7166214987803271, 0.6974622767475225, 0])
([2000.4076588050698, 2012.6646797685148, 2], [0.48881774656497023, -0.8723859298745851, 0])
([1208.360599925156, 3238.861847216358, 2], [0.727242984593315, -0.6863800997696594, 0])
([1991.775754841321, 2003.5468145919112, 2], [-0.7210041808318772, 0.6929307117042465, 0])
([3244.9711607352247, 1224.7653670114805, 2], [-0.7041504265729018, 0.7100508268829774, 0])
([2093.0132371821614, 2095.0204087109014, 2], [-0.6326242206222707, 0.7744589049665996, 1])
([1255.7131931287886, 3346.784951754805, 2], [0.7370744478572888, -0.6758115553287564, 0])
([2336.3117291262997, 2459.16569977375, 2], [0.8957257947704751, -0.4446069056850115, 1])
([3767.8362677461982, 1488.528235884417, 2], [-0.6895034908389227, 0.7242823593882014, 0])
([2241.6763951201465, 2355.8989391372374, 2], [0.7491582456576571, -0.6623910649783417, 0])
([3571.5237541145834, 1409.9966589346748, 2], [-0.6719616887031823, 0.7405859092064657, 0])
([2497.9551613989547, 2553.3751301863163, 2], [-0.5157921360640778, 0.8567137633856805, 1])
([4064.173299956211, 1558.8043952180603, 2], [-0.7022143405929134, 0.7119656030073783, 0])
([2786.9664048769855, 2788.2354733465704, 2], [0.5442663094512047, -0.8389125010371259, 0])
([1693.820728254345, 4515.756697238604, 2], [0.7184144219524323, -0.6956153522822456, 0])
([2717.4592767177146, 2719.9768047303155, 2], [-0.6819772256703809, 0.7313734091877626, 0])
([4382.519201256159, 1646.395069139974, 2], [-0.6895019964342285, 0.724283782031058, 0])
([2630.970360944198, 2631.9137685382493, 2], [0.7361654159279485, -0.676801655133637, 0])
([4151.819648076044, 1561.8158141124986, 2], [-0.6581487794774599, 0.7528878960856855, 0])
([2840.8379975427747, 2789.6374284952967, 2], [-0.5474272131445421, 0.8368533003512623, 1])