(1, 0.46168330042847205)
(2, 0.44776378061545291)
(3, 0.25405200166154362)
(4, 0.17359151554646415)
(5, 0.14888548948590949)
(6, 0.16968574879775317)
(7, 0.12968451895545585)
(8, 0.1141419444018682)
(9, 0.11202530076755501)
(10, 0.10051648210723042)
(11, 0.085683825279849302)
(12, 0.16164258481203755)
(13, 0.07532327530082239)
(14, 0.097959641116037818)
(15, 0.061653787598261921)
(16, 0.097177920293526246)
(17, 0.049713166252456475)
(18, 0.10007047280552875)
(19, 0.047669758531716962)
(20, 0.098554643649569063)
(21, 0.049558973077312413)
(22, 0.096718947431528673)
(23, 0.039365289119636472)
(24, 0.10653859936213401)
(25, 0.026940475595139061)
(26, 0.11627288238269017)
(27, 0.025287689621745157)
(28, 0.11781394522476099)
(29, 0.019948164381728504)
(30, 0.12147212046321568)
(31, 0.017293427273656771)
(32, 0.12383661456071032)
(33, 0.015337513167542026)
(34, 0.12599396841510993)
(35, 0.014636242583128147)
(36, 0.1270237207869124)
(37, 0.01152614500311098)
(38, 0.1347115288498428)
(39, 0.012157219027418353)
(40, 0.13633436911551322)
(41, 0.010971987253571231)
(42, 0.13125699512777481)
(43, 0.010275100724464959)
(44, 0.13251688563085709)
(45, 0.0088087141611257417)
(46, 0.13138817624124649)
(47, 0.0074823585599316494)
(48, 0.13182606618992823)
(49, 0.0066963337946770139)
(50, 0.13620478945916945)
(51, 0.0063175393677625475)
(52, 0.1376894827312459)
(53, 0.013561892310998415)
(54, 0.12651134285469792)
(55, 0.0045873142420914245)
(56, 0.13730664029085191)
(57, 0.014162173402359285)
(58, 0.12601632453579836)
(59, 0.014069035938648937)
(60, 0.12610350543612933)
(61, 0.013669885779532393)
(62, 0.12634499857362552)
(63, 0.010341271032069966)
(64, 0.12876027183002467)
(65, 0.0057512420855048785)
(66, 0.13190321528725449)
(67, 0.0027127989103656962)
(68, 0.13634625964183131)
(69, 0.0027596408795938264)
(70, 0.13627714138720576)
(71, 0.0069039531511598234)
(72, 0.13099644431027677)
(73, 0.0057860765274375314)
(74, 0.13181500570014676)
(75, 0.0031564840942383734)
(76, 0.13762879898160255)
(77, 0.0087474030678263773)
(78, 0.12985864023026952)
(79, 0.0065382443937529282)
(80, 0.13133854682087009)
(81, 0.0058721455499989913)
(82, 0.1316352811023587)
(83, 0.0035397829036107175)
(84, 0.13330915049820319)
(85, 0.002810738220716986)
(86, 0.13387818881892474)
(87, 0.0025994869623233241)
(88, 0.13727034978945857)
(89, 0.0099190401288297807)
(90, 0.14191564628096584)
(91, 0.011395786816887694)
(92, 0.12801698149506172)
(93, 0.0010642140701677826)
(94, 0.13502329202122182)
(95, 0.0045420074292045025)
(96, 0.13265217349719452)
(97, 0.0022426082311583152)
(98, 0.13423013380694696)
(99, 0.0057537325519749563)
(100, 0.1319002006870082)
(101, 0.0050759215602022506)
(102, 0.13231955640663773)
(103, 0.0039163813156938686)
(104, 0.13301125941955719)
(105, 0.0021649962255961765)
(106, 0.1370959462591832)
(107, 0.0022395745798978748)
(108, 0.13712473941826289)
(109, 0.013121565012465133)
(110, 0.12675280269333583)
(111, 0.01312117397670149)
(112, 0.14391587336280443)
(113, 0.017266530886121359)
(114, 0.1238718167577082)
(115, 0.016882497434155302)
(116, 0.12407631488519162)
(117, 0.014500438382836368)
(118, 0.14485199870640919)
(119, 0.016122378775954967)
(120, 0.12458925676634551)
(121, 0.015721880409970346)
(122, 0.12498332478847983)
(123, 0.015708896935445669)
(124, 0.12497774713913072)
(125, 0.010407776735042827)
(126, 0.12860972595940651)
(127, 0.0085666407829437571)
(128, 0.12998713841311754)
(129, 0.0084806477087042229)
(130, 0.12984877521439211)
(131, 0.003304977133899259)
(132, 0.13788508864534285)
(133, 0.0070246049713646218)
(134, 0.14014515001338604)
(135, 0.009022777847646218)
(136, 0.14134175645187405)
(137, 0.0088438611784039493)
(138, 0.12979707311391278)
(139, 0.008712219159793087)
(140, 0.14130518427417274)
(141, 0.010669105821633336)
(142, 0.12853189075839055)
(143, 0.0093122433334338096)
(144, 0.12927458475955442)
(145, 0.0056487468184119264)
(146, 0.13196291803864743)
(147, 0.0056347343055517755)
(148, 0.13923570372266808)
(149, 0.0055533780258913016)
(150, 0.13194913897646951)
(151, 0.0048976622548632387)
(152, 0.13246945274629887)
(153, 0.0051057311577051637)
(154, 0.13231585650225308)
(155, 0.0012297810376560145)
(156, 0.13492681638885201)
(157, 0.00193766667555721)
(158, 0.13677531856672154)
(159, 0.0080638774096482378)
(160, 0.14087245487509764)
(161, 0.014862276880776057)
(162, 0.12550860815858494)
(163, 0.01255315922988018)
(164, 0.12722653263957245)
(165, 0.00079237538025560695)
(166, 0.13624005488986371)
(167, 0.011145178023046421)
(168, 0.1281735663953702)
(169, 0.0005358415755003903)
(170, 0.1359037970456598)
(171, 0.0093226934146751206)
(172, 0.12945468437605426)
(173, 0.0089829514255024313)
(174, 0.12968294921696591)
(175, 0.0013383132529304548)
(176, 0.13484087739218079)
(177, 0.010768612407500575)
(178, 0.14250265199450252)
(179, 0.025291668929551807)
(180, 0.1180222346461553)
(181, 0.022420073682152396)
(182, 0.1201169756910753)
(183, 0.019487717208792131)
(184, 0.14781818150797912)
(185, 0.019203549188175198)
(186, 0.1224494176664621)
(187, 0.019163254504528781)
(188, 0.12251540222862999)
(189, 0.011805539119295046)
(190, 0.14322701916406289)
(191, 0.015093069213341826)
(192, 0.12541138998432977)
(193, 0.012997508807943644)
(194, 0.1267817531543334)
(195, 0.010996858540234212)
(196, 0.12828766220570526)
(197, 0.0074672570814754468)
(198, 0.14038727936022655)
(199, 0.0093315238505367586)
(200, 0.12930875844673992)
(201, 0.006726973097952409)
(202, 0.13101640444449519)
(203, 0.0019331152576796185)
(204, 0.13699708770464)
(205, 0.0019814825780598007)
(206, 0.13703308439059902)
(207, 0.011475800050579844)
(208, 0.12783204534241682)
(209, 0.011677457282150944)
(210, 0.1278079354280458)
(211, 0.0099654835986818981)
(212, 0.12897956411497027)
(213, 0.007733966169462524)
(214, 0.13055249581850764)
(215, 0.007704310609415203)
(216, 0.13053805148380027)
(217, 0.0074265934745306886)
(218, 0.13075615726915429)
(219, 0.0073999942792741047)
(220, 0.13075879423915118)
(221, 0.0025756723828925824)
(222, 0.13732177026613543)
(223, 0.0028961412957435647)
(224, 0.13362469540549288)
(225, 0.0049270268845564968)
(226, 0.13244713938377475)
(227, 0.0034638009693696292)
(228, 0.13796242413559884)
(229, 0.0035701599937736838)
(230, 0.13335030338033055)
(231, 0.0011751119525214141)
(232, 0.13496174032869762)
(233, 0.00107386183785857)
(234, 0.13501106482406711)
(235, 0.0050263692096963047)
(236, 0.13897517391644229)
(237, 0.0058775685412157021)
(238, 0.13181326210404506)
(239, 0.0021021228983485762)
(240, 0.13698898882221835)
(241, 0.0022277063104525312)
(242, 0.13420571166953216)
(243, 0.0012478313895701594)
(244, 0.1349164688513772)
(245, 0.0021016198722745025)
(246, 0.13431038893305863)
(247, 0.009732702604224085)
(248, 0.12898902210501134)
(249, 0.009153608028685617)
(250, 0.12955616463158345)
(251, 0.00040658414918569346)
(252, 0.13598799753267457)
(253, 0.0010967860835960838)
(254, 0.13499043077575826)
(255, 0.0010726044698219663)
(256, 0.1362920200107624)
(257, 0.0076317810576825079)
(258, 0.13062613332462322)
(259, 0.0074961455405096432)
(260, 0.14052586967915373)
(261, 0.0099927759485852977)
(262, 0.12883308124977558)
(263, 0.004815952172418112)
(264, 0.13240610826422866)