('Training size:', 5000, 'Testing size:', 1000)
(1, 648329.24375000002, 680684.91874999995, 0.87040001, 0.83999997)
(2, 264993.24062499998, 266303.63750000001, 0.8854, 0.86400002)
(3, 112365.14218749999, 120742.465625, 0.9558, 0.92400002)
(4, 168766.45859374999, 170773.37890625, 0.96920002, 0.935)
(5, 50204.810156250001, 53310.785937499997, 0.96219999, 0.92199999)
(6, 46752.719531249997, 47420.830859374997, 0.9522, 0.94)
(7, 17723.782128906249, 18450.482226562501, 0.97039998, 0.926)
(8, 23989.908203125, 27010.283203125, 0.96799999, 0.93000001)
(9, 2760.9905517578127, 3492.3179443359377, 0.99659997, 0.95300001)
(10, 834.39962768554688, 764.96541137695317, 0.99760002, 0.95499998)
(11, 216.19224548339844, 392.57318725585935, 0.99800003, 0.95499998)
(12, 45.039649963378906, 0.0, 1.0, 0.94700003)