('Training size:', 5000, 'Testing size:', 1000)
(1, 654074.21875, 648335.68125000002, 0.86699998, 0.85799998)
(2, 156512.30312500001, 166293.79062499999, 0.93300003, 0.926)
(3, 78488.232031249994, 81226.91015625, 0.9314, 0.91500002)
(4, 37631.928124999999, 37662.355078125001, 0.96899998, 0.95899999)
(5, 24657.891015624999, 23918.303515625001, 0.97939998, 0.95999998)
(6, 14682.4443359375, 17810.516796874999, 0.97280002, 0.95899999)
(7, 9037.5811035156257, 9307.5939453124993, 0.99599999, 0.97000003)
(8, 7024.6922363281246, 5869.9662597656252, 0.97839999, 0.958)
(9, 2064.3070495605471, 3917.6650817871096, 0.99900001, 0.97299999)
(10, 1940.7168029785157, 2020.9052001953125, 0.99599999, 0.97100002)
(11, 3030.9035400390626, 3461.0909301757811, 0.99080002, 0.96799999)
(12, 1084.402261352539, 1037.7252136230468, 0.99919999, 0.97600001)
(13, 164.42575454711914, 500.29100341796874, 0.99599999, 0.97399998)
(14, 45.60162353515625, 0.0, 1.0, 0.977)