('Training size:', 5000, 'Testing size:', 1000)
(1, 565153.80000000005, 584454.96250000002, 0.85320002, 0.84100002)
(2, 145558.43124999999, 153093.1484375, 0.9332, 0.90799999)
(3, 70671.283593750006, 74067.653124999997, 0.96579999, 0.94199997)
(4, 32000.560156250001, 35017.348828125003, 0.97539997, 0.95200002)
(5, 30714.801367187501, 30606.478125000001, 0.98699999, 0.958)
(6, 8136.8770507812496, 10126.5599609375, 0.99440002, 0.963)
(7, 4985.5335937500004, 6007.8998535156252, 0.99800003, 0.958)
(8, 2883.7066955566406, 3704.4447998046876, 0.99839997, 0.96100003)
(9, 1422.4556365966796, 1785.5496337890625, 0.99900001, 0.963)
(10, 1218.8991455078126, 1749.473355102539, 0.99919999, 0.95700002)
(11, 944.42497558593755, 1394.8676313400269, 0.99940002, 0.96600002)
(12, 227.4989709854126, 257.99129638671877, 0.99959999, 0.95700002)
(13, 2.1501999616622927, 85.575201416015631, 1.0, 0.96399999)
(14, 0.0, 0.0, 1.0, 0.96399999)