(1, 1)
(2, 0.26468132884897577)
(3, 0.31091732968222441)
(4, 0.22013601215326736)
(5, 0.21336244822326375)
(6, 0.1596885516687517)
(7, 0.16189209055956288)
(8, 0.14847015531430507)
(9, 0.13890535683519012)
(10, 0.12738841636041145)
(11, 0.11767020956573096)
(12, 0.0910837604312007)
(13, 0.10476731791585984)
(14, 0.099097813735529783)
(15, 0.089434273288775012)
(16, 0.076148689094724872)
(17, 0.084574720919992227)
(18, 0.073774575077283869)
(19, 0.081575093008774829)
(20, 0.066177899200801166)
(21, 0.074786063630383565)
(22, 0.080441322113642647)
(23, 0.073830606903462881)
(24, 0.063942249125488196)
(25, 0.071715901735091653)
(26, 0.075725296240705314)
(27, 0.06955117801614577)
(28, 0.073489674912024558)
(29, 0.067565073271096995)
(30, 0.05846208658095528)
(31, 0.065925164296816163)
(32, 0.057379209832595167)
(33, 0.063182155440755006)
(34, 0.065443350495151112)
(35, 0.061405752300146693)
(36, 0.064604902638026485)
(37, 0.059186721021763276)
(38, 0.051844390235762004)
(39, 0.057569918456267251)
(40, 0.061737443614764159)
(41, 0.055796347376614389)
(42, 0.04747639758318456)
(43, 0.054208711433044836)
(44, 0.046515295051374583)
(45, 0.053274861236174455)
(46, 0.058615938492862986)
(47, 0.051870838575757805)
(48, 0.057578193154053103)
(49, 0.050541955336026678)
(50, 0.04276669925833234)
(51, 0.049754428927804198)
(52, 0.055732141052272303)
(53, 0.048987503992030543)
(54, 0.039923636756276859)
(55, 0.047671314820887781)
(56, 0.039816492222623366)
(57, 0.047148059570536832)
(58, 0.053084349126130227)
(59, 0.046342936991423306)
(60, 0.051932651398606512)
(61, 0.045642147865015456)
(62, 0.038374137739880243)
(63, 0.044788062394318186)
(64, 0.03803271892544919)
(65, 0.044566780788138846)
(66, 0.050016695276305319)
(67, 0.043933155365729726)
(68, 0.036725933674249173)
(69, 0.043103439091704256)
(70, 0.047871058917806693)
(71, 0.04227531805761358)
(72, 0.047185405458155437)
(73, 0.041223032508322606)
(74, 0.034313558260998196)
(75, 0.040163077487777338)
(76, 0.034003674762698534)
(77, 0.039700982938939991)
(78, 0.044556413794939576)
(79, 0.039311455038921472)
(80, 0.032620110343806387)
(81, 0.038413262256845264)
(82, 0.031781959787128541)
(83, 0.037457284372635909)
(84, 0.031593441461911669)
(85, 0.037386471238063587)
(86, 0.03086379780116711)
(87, 0.036536736845381501)
(88, 0.041704421898543488)
(89, 0.036202665082586093)
(90, 0.030006381305151989)
(91, 0.035742406038044627)
(92, 0.040832896367566512)
(93, 0.035277771264055298)
(94, 0.040217902658325949)
(95, 0.034950931768057809)
(96, 0.028946046643614335)
(97, 0.034644753271395448)
(98, 0.028889914895952985)
(99, 0.034276423122499546)
(100, 0.028599610834150573)
(101, 0.033983721615944582)
(102, 0.028325279436327167)
(103, 0.033584786122222064)
(104, 0.028100538737675658)
(105, 0.033295212657981861)
(106, 0.027779223314568651)
(107, 0.032865447251677123)
(108, 0.037630159734302816)
(109, 0.032741286020480299)
(110, 0.037314167316113235)
(111, 0.032433389163807863)
(112, 0.026830056175426983)
(113, 0.031893475532076263)
(114, 0.026481192138070306)
(115, 0.031681387511074868)
(116, 0.026123229737412226)
(117, 0.031269442148877738)
(118, 0.036022404776787989)
(119, 0.031039005122121641)
(120, 0.025452309533825528)
(121, 0.030550957670954112)
(122, 0.035166762959423725)
(123, 0.03019855070609374)
(124, 0.034718837813371026)
(125, 0.029775894525547519)
(126, 0.024503123184351144)
(127, 0.029607993408914263)
(128, 0.024398244725361923)
(129, 0.029436675477286064)
(130, 0.034001151972771586)
(131, 0.02920355928421527)
(132, 0.033640879021134572)
(133, 0.029016123560642114)
(134, 0.023974978402243108)
(135, 0.028885146780565283)
(136, 0.033244935015618753)
(137, 0.028541860079046067)
(138, 0.023609825439936716)
(139, 0.028300793674572701)
(140, 0.023207582886998267)
(141, 0.027999083556695115)
(142, 0.032474820364743286)
(143, 0.027823450393321712)
(144, 0.022852656517771075)
(145, 0.027639311824400367)
(146, 0.02278984274136011)
(147, 0.027542830334708061)
(148, 0.022444650079865937)
(149, 0.027204651159489664)
(150, 0.022120317870098497)
(151, 0.026907697855187759)
(152, 0.021843150892676987)
(153, 0.026606957500953748)
(154, 0.031067524450709073)
(155, 0.026309085622074881)
(156, 0.021225174095010953)
(157, 0.026018991622753406)
(158, 0.030479887023065075)
(159, 0.025722566094616352)
(160, 0.030254703999796306)
(161, 0.025550755429454796)
(162, 0.020641309299399554)
(163, 0.025427071126603775)
(164, 0.029937535518536014)
(165, 0.025270557547851197)
(166, 0.020230951478422743)
(167, 0.024968102656573957)
(168, 0.029506309598283625)
(169, 0.024844979728853953)
(170, 0.029287114315665153)
(171, 0.024624159817288768)
(172, 0.019863040227309697)
(173, 0.024589519153843241)
(174, 0.01964320362929629)
(175, 0.024342519577045824)
(176, 0.028809963803096313)
(177, 0.024239198939739422)
(178, 0.028666111247495626)
(179, 0.024082064819905904)
(180, 0.019239764869885819)
(181, 0.023879572668623956)
(182, 0.019115919031430992)
(183, 0.023734507514926593)
(184, 0.019050039456460784)
(185, 0.023677384896551315)
(186, 0.027994339230401975)
(187, 0.023541311549517267)
(188, 0.01893572157334443)
(189, 0.023481230365743174)
(190, 0.018789730549866091)
(191, 0.023339741891986229)
(192, 0.018656715618588834)
(193, 0.023185370841527934)
(194, 0.018460643632452704)
(195, 0.023053775348809275)
(196, 0.02744625933329754)
(197, 0.022982902916255214)
(198, 0.018374603678990201)
(199, 0.02293225975060954)
(200, 0.018321118375051952)
(201, 0.022887670698933816)
(202, 0.018313973948780784)
(203, 0.022877533102867557)
(204, 0.018256111196207493)
(205, 0.022734894824374647)
(206, 0.027065102388517767)
(207, 0.022701031051519886)
(208, 0.026906248527727612)
(209, 0.022573622447546626)
(210, 0.026785928604748387)
(211, 0.022502652725248266)
(212, 0.017901870108419142)
(213, 0.022315725287361612)
(214, 0.017863945449191371)
(215, 0.022235785635659921)
(216, 0.017673784791718695)
(217, 0.022111311976142575)
(218, 0.01766766651533264)
(219, 0.022081347950782048)
(220, 0.01758581509067899)
(221, 0.022022945765783886)
(222, 0.026237928617403639)
(223, 0.021898864693349646)
(224, 0.017461376945407607)
(225, 0.021844582601956663)
(226, 0.026051807551813494)
(227, 0.021704217484691583)
(228, 0.025916251273012492)
(229, 0.021540684721367262)
(230, 0.017073249494534037)
(231, 0.021509684488476965)
(232, 0.01694561276983754)
(233, 0.02136285978488053)
(234, 0.016858342988063386)
(235, 0.021251892928881543)
(236, 0.025484105457986052)
(237, 0.021124040465895038)
(238, 0.016630291125019205)
(239, 0.021002033124288669)
(240, 0.016496121232385742)
(241, 0.02088306826557957)
(242, 0.016358029723004642)
(243, 0.020791346087171748)
(244, 0.016347096290217151)
(245, 0.020737124827209762)
(246, 0.025011311815867961)
(247, 0.020674452492575757)
(248, 0.024884991735625046)
(249, 0.020620936370657077)
(250, 0.016185202528915629)