('Training size:', 5000, 'Testing size:', 1000)
(1, 886067.34375, 909706.8125, 0.85659999, 0.83399999)
(2, 148162.28750000001, 158570.1640625, 0.93279999, 0.89200002)
(3, 53928.264062499999, 60154.364453125003, 0.96319997, 0.90600002)
(4, 18409.802148437499, 21379.234179687501, 0.98100001, 0.91399997)
(5, 8514.3208984374996, 11463.961132812499, 0.98799998, 0.921)
(6, 2642.9915527343751, 3301.8026977539062, 0.99339998, 0.92500001)
(7, 1384.535595703125, 1604.3255096435546, 0.98280001, 0.92199999)
(8, 295.06288146972656, 274.4118621826172, 0.99900001, 0.91799998)
(9, 138.2378643989563, 136.17406997680663, 0.99919999, 0.92299998)
(10, 9.5937124252319332, 115.97979850769043, 0.99959999, 0.92699999)
(11, 5.7984875082969669, 0.0, 1.0, 0.92400002)