('Training size:', 1000, 'Testing size:', 5000)
(1, 1118344.5625, 1035986.7, 0.792, 0.764)
(2, 372493.09999999998, 368925.31562499999, 0.86400002, 0.81900001)
(3, 198558.13125000001, 198705.78750000001, 0.92500001, 0.86040002)
(4, 119005.1796875, 125075.52499999999, 0.93699998, 0.87940001)
(5, 106563.953125, 100043.75703125, 0.954, 0.88800001)
(6, 49661.4296875, 37657.482031250001, 0.97500002, 0.89639997)
(7, 29077.6953125, 29180.688818359376, 0.986, 0.89840001)
(8, 14887.39345703125, 17577.652636718751, 0.99000001, 0.90060002)
(9, 4263.8886230468752, 2827.4415283203125, 0.986, 0.88520002)
(10, 779.645751953125, 582.78300781250005, 1.0, 0.90240002)
(11, 0.0, 0.0, 1.0, 0.89840001)