('Training size:', 1000, 'Testing size:', 5000)
(1, 1175800.91875, 1221569.375, 0.76700002, 0.75660002)
(2, 395559.41875000001, 384200.54999999999, 0.80299997, 0.78299999)
(3, 274120.640625, 247950.26250000001, 0.79900002, 0.78759998)
(4, 175865.37812499999, 178816.31562499999, 0.912, 0.86559999)
(5, 178920.32500000001, 195512.51250000001, 0.90399998, 0.86979997)
(6, 97215.464062500003, 96560.990625000006, 0.93099999, 0.87959999)
(7, 89484.900781250006, 85340.743749999994, 0.93800002, 0.89139998)
(8, 90531.884374999994, 85938.6640625, 0.949, 0.88840002)
(9, 85620.338671874997, 79693.61328125, 0.96499997, 0.89999998)
(10, 35851.880468750001, 45509.646289062497, 0.95200002, 0.8854)
(11, 45765.541796874997, 45426.230078125001, 0.91399997, 0.86019999)
(12, 23279.983203125001, 18060.952685546876, 0.98400003, 0.90319997)
(13, 7518.10595703125, 7948.9441650390627, 0.98900002, 0.91100001)
(14, 9386.2127929687504, 13563.160546875, 0.977, 0.91140002)
(15, 11465.6435546875, 7990.6448730468746, 0.97799999, 0.91100001)
(16, 18582.517333984375, 22088.467382812501, 0.94099998, 0.87800002)
(17, 8774.6312011718746, 11033.03017578125, 0.99000001, 0.912)
(18, 9798.3656250000004, 7332.22216796875, 0.96600002, 0.91140002)
(19, 1105.9882659912109, 2217.7760253906249, 0.99900001, 0.91500002)
(20, 539.28374633789065, 485.66597900390627, 0.99900001, 0.9156)
(21, 16.332000732421875, 126.51600341796875, 1.0, 0.91299999)
(22, 537.61723632812505, 459.39100341796876, 1.0, 0.91399997)
(23, 0.0, 0.0, 1.0, 0.91219997)