('Training size:', 1000, 'Testing size:', 5000)
(1, 8854362.4000000004, 8438715.4499999993, 0.59600002, 0.60000002)
(2, 1308746.8, 1298653.2, 0.634, 0.64060003)
(3, 909612.15000000002, 912242.61250000005, 0.699, 0.70840001)
(4, 637902.26249999995, 638619.125, 0.76599997, 0.74959999)
(5, 454516.65625, 461773.51250000001, 0.796, 0.76959997)
(6, 312422.93125000002, 320495.03125, 0.84799999, 0.801)
(7, 215523.14999999999, 223207.40937499999, 0.89499998, 0.84039998)
(8, 201742.484375, 205669.86874999999, 0.89499998, 0.83759999)
(9, 153658.59843750001, 162142.69218750001, 0.90899998, 0.84719998)
(10, 103043.5203125, 108150.69921875, 0.93199998, 0.87379998)
(11, 85550.153124999997, 83945.845312499994, 0.93599999, 0.87919998)
(12, 57462.474218750001, 57597.435156250001, 0.958, 0.87400001)
(13, 44907.763671875, 46519.024023437501, 0.97299999, 0.88239998)
(14, 32143.555859374999, 37673.997851562497, 0.972, 0.88499999)
(15, 22546.12109375, 22447.587500000001, 0.97399998, 0.88139999)
(16, 31852.797656250001, 33119.536230468751, 0.96600002, 0.8908)
(17, 31615.825976562501, 29881.657421874999, 0.97100002, 0.89359999)
(18, 14479.095507812501, 15982.190136718749, 0.96200001, 0.8732)
(19, 9021.994384765625, 9521.6359680175774, 0.98799998, 0.89480001)
(20, 6784.4518554687502, 7781.337890625, 0.99199998, 0.8876)
(21, 4088.31396484375, 5189.8939453125004, 0.99400002, 0.89319998)
(22, 2276.7584960937502, 3396.322021484375, 0.99599999, 0.89420003)
(23, 1460.8419921875, 1791.218017578125, 0.99699998, 0.89539999)
(24, 202.43300170898436, 544.46000976562505, 0.99400002, 0.88620001)
(25, 1417.7409721374511, 807.77799987792969, 0.99800003, 0.89420003)
(26, 5.0750000000000002, 24.913999938964842, 1.0, 0.89179999)
(27, 10.044000053405762, 0.0, 0.99900001, 0.8872)