('Training size:', 10000, 'Testing size:', 20000)
(1, 307681.76718750002, 325343.65625, 0.95190001, 0.94244999)
(2, 64491.700781250001, 71616.762890625003, 0.97570002, 0.9619)
(3, 36277.889453124997, 35561.110546875003, 0.98439997, 0.9691)
(4, 18557.684375000001, 24507.191210937501, 0.99159998, 0.97589999)
(5, 9582.4000976562493, 9272.6875976562496, 0.99290001, 0.97694999)
(6, 8115.7643554687502, 9524.4911865234371, 0.99650002, 0.97719997)
(7, 5092.8717041015625, 7528.7869514465328, 0.99760002, 0.97944999)
(8, 8860.1372192382805, 11877.795416259765, 0.97820002, 0.96815002)
(9, 18397.232299804688, 16550.544720268248, 0.99440002, 0.9774)
(10, 1016.6578704833985, 1599.0318115234375, 0.99839997, 0.9831)
(11, 6436.4047668457033, 8188.2847595214844, 0.99379998, 0.98030001)
(12, 6555.8771575927731, 8701.705233383178, 0.99980003, 0.98605001)
(13, 145.40326194763185, 221.62044372558594, 0.99970001, 0.98645002)
(14, 3889.3349716186522, 3964.7138214111328, 0.9982, 0.9817)
(15, 4143.6265716552734, 6428.5075073242188, 0.99989998, 0.9874)
(16, 0.0, 0.0, 1.0, 0.98815)