('Training size:', 5000, 'Testing size:', 1000)
(1, 622177.86875000002, 645023.390625, 0.87980002, 0.86699998)
(2, 168422.52968750001, 176338.5390625, 0.93599999, 0.91500002)
(3, 111806.4921875, 116720.30390625, 0.9598, 0.93300003)
(4, 45403.214062500003, 51805.728515625, 0.9702, 0.93699998)
(5, 30124.15625, 33876.185546875, 0.96640003, 0.94499999)
(6, 21369.327539062499, 17571.189843749999, 0.963, 0.935)
(7, 13824.4994140625, 17981.001855468749, 0.97619998, 0.95300001)
(8, 10159.18271484375, 12506.806616210937, 0.99559999, 0.95700002)
(9, 3946.1878417968751, 5047.4892578125, 0.99199998, 0.94700003)
(10, 1019.4119018554687, 1310.8102783203126, 0.99739999, 0.95499998)
(11, 285.97384643554688, 393.92449951171875, 0.99959999, 0.95099998)
(12, 0.0, 30.172399902343749, 1.0, 0.95499998)
(13, 0.0, 0.0, 1.0, 0.95499998)