('Training size:', 1000, 'Testing size:', 1000)
(1, 2253239.2000000002, 2379375.2000000002, 0.77100003, 0.77200001)
(2, 739478.07499999995, 760428.02500000002, 0.85600001, 0.83999997)
(3, 619166.53749999998, 666872.91249999998, 0.87599999, 0.86699998)
(4, 400003.04375000001, 393244.18125000002, 0.90799999, 0.88999999)
(5, 358236.97499999998, 369795.14374999999, 0.88300002, 0.85799998)
(6, 252293.78125, 246457.140625, 0.935, 0.90200001)
(7, 199203.31562499999, 202144.53515625, 0.93699998, 0.89300001)
(8, 144033.25, 147506.87812499999, 0.954, 0.90700001)
(9, 139885.54843749999, 127655.28935546875, 0.898, 0.85299999)
(10, 123324.7140625, 109550.91367187499, 0.96200001, 0.90399998)
(11, 95799.673437499994, 101398.387890625, 0.97100002, 0.92400002)
(12, 279791.31484374998, 325537.48828125, 0.97500002, 0.93199998)
(13, 315989.37031249999, 282918.62968750001, 0.972, 0.92900002)
(14, 149713.27617187501, 167208.734375, 0.98299998, 0.93599999)
(15, 28953.139843749999, 36411.915625000001, 0.98100001, 0.92799997)
(16, 21534.610546874999, 27874.279492187499, 0.96799999, 0.91299999)
(17, 18294.229296875001, 17916.320214843749, 0.99299997, 0.93000001)
(18, 11626.627563476562, 7834.8456298828123, 0.99199998, 0.92799997)
(19, 7839.2254089355465, 7337.0378906249998, 0.98699999, 0.92500001)
(20, 7671.6596801757814, 5850.5081054687498, 0.99800003, 0.93099999)
(21, 6212.81005859375, 6652.7072265625002, 0.99900001, 0.93199998)
(22, 8494.1917510986332, 7283.6820312500004, 0.96200001, 0.90200001)
(23, 3679.8660156249998, 4048.3400390625002, 0.99800003, 0.93099999)
(24, 3668.1160644531251, 2645.4079895019531, 0.99800003, 0.93300003)
(25, 1567.7969970703125, 3210.9160095214843, 0.99400002, 0.926)
(26, 1816.9562255859375, 3384.950018310547, 0.99699998, 0.92900002)
(27, 7576.1621948242191, 9122.0263671875, 0.97100002, 0.90600002)
(28, 2217.9940414428711, 541.7759887695313, 0.99900001, 0.93400002)
(29, 0.0, 174.49599609374999, 0.99900001, 0.93400002)
(30, 0.0, 0.0, 1.0, 0.93400002)