('Training size:', 5000, 'Testing size:', 1000)
(1, 694667.51875000005, 727164.00624999998, 0.89200002, 0.88200003)
(2, 276418.55625000002, 293004.60625000001, 0.88239998, 0.87400001)
(3, 147863.78593750001, 149764.82968749999, 0.9598, 0.93300003)
(4, 104028.7, 117838.128125, 0.96820003, 0.95200002)
(5, 149239.07656250001, 168372.50156249999, 0.91420001, 0.90200001)
(6, 60995.016796875003, 69850.734375, 0.93519998, 0.92500001)
(7, 27519.170312499999, 32623.728125000001, 0.986, 0.96200001)
(8, 60564.853125000001, 59513.98828125, 0.98699999, 0.96200001)
(9, 46906.166601562501, 48154.474609375, 0.921, 0.91600001)
(10, 47128.881445312501, 41227.44970703125, 0.95880002, 0.93900001)
(11, 80605.069531250003, 86373.152148437497, 0.95200002, 0.93199998)
(12, 131659.70576171874, 127819.8330078125, 0.97659999, 0.954)
(13, 17964.187109375001, 17263.097265625001, 0.95840001, 0.94)
(14, 9890.6566894531243, 12236.215533447266, 0.99339998, 0.97600001)
(15, 6979.3037597656248, 7928.3438476562496, 0.99379998, 0.97299999)
(16, 6893.9366699218754, 7179.1615966796871, 0.99739999, 0.972)
(17, 167807.70703125, 154243.25546874999, 0.949, 0.93400002)
(18, 6644.3826416015627, 10045.449438476562, 0.99440002, 0.97100002)
(19, 41496.83447265625, 40920.771337890626, 0.95560002, 0.93599999)
(20, 11021.434649658204, 14343.690624999999, 0.99879998, 0.97299999)
(21, 46286.915856933592, 58984.385632324222, 0.98839998, 0.972)
(22, 6040.573147583008, 6745.9354003906246, 0.99900001, 0.97500002)
(23, 545.12754173278813, 24.591800689697266, 0.99940002, 0.97399998)
(24, 28911.759545898436, 33046.916210937503, 0.92199999, 0.91500002)
(25, 5444.7661376953129, 7836.9771118164062, 0.99919999, 0.972)
(26, 1017.6995445251465, 1524.5881591796874, 0.99239999, 0.96899998)
(27, 400.78247833251953, 26.163400268554689, 0.99959999, 0.97299999)
(28, 19961.814874267577, 25474.104394531249, 0.95959997, 0.94400001)
(29, 6726.5876831054684, 9093.2357910156243, 1.0, 0.977)
(30, 0.0, 0.0, 1.0, 0.977)